Graph Name: CollegeMsg.txt
Motif Name: M-2-1.txt
Delta Value: 3200

TIME        NUMBER OF MOTIFS 
0.100239    84150
0.0819428    178
0.105822    142
0.101052    189
0.0909369    192
0.086267    160
0.0957911    202
0.0779648    145
0.078521    137
0.115707    191
0.0998681    168
0.103682    169
0.0775809    181
0.092149    183
0.07972    187
0.0923798    161
0.0859199    160
0.0836091    203
0.088753    153
0.093168    190
0.0989919    183
0.0823698    148
0.0786161    151
0.109636    176
0.09408    195
0.0963619    174
0.106205    250
0.102385    176
0.102233    181
0.146013    182
0.0781529    194
0.0765162    177
0.101955    186
0.0767729    147
0.077528    192
0.099483    161
0.0967801    178
0.098928    168
0.0936399    156
0.0895412    186
0.0964451    156
0.100881    149
0.0903141    154
0.101678    162
0.102293    174
0.0772309    161
0.096364    185
0.0969601    182
0.0979319    177
0.0778041    186
0.089818    153
0.094918    160
0.090358    163
0.104964    177
0.0776041    190
0.0881941    195
0.085772    129
0.0942829    172
0.108926    206
0.0992432    152
0.1077    185
0.100672    170
0.0770659    173
0.154049    150
0.0992241    138
0.099056    158
0.084439    180
0.089195    185
0.078429    173
0.0803301    192
0.0767081    150
0.10684    184
0.0924799    148
0.103035    180
0.081883    176
0.099158    170
0.0988359    186
0.106846    162
0.0785191    216
0.0762179    186
0.0833831    150
0.078115    191
0.0768411    164
0.0863221    176
0.0787668    167
0.106147    190
0.10437    204
0.084909    218
0.0949631    182
0.0769351    133
0.0805211    158
0.0929871    143
0.102114    171
0.0940819    179
0.092957    168
0.0929289    149
0.0942039    206
0.0843871    163
0.084518    147
0.104186    160
0.105027    156
0.0776429    174
0.077342    189
0.10584    165
0.0977552    174
0.108136    196
0.0787482    204
0.099601    117
0.095041    202
0.090657    166
0.0771749    188
0.08476    184
0.0903561    189
0.0975449    132
0.0977321    165
0.08479    172
0.077636    154
0.0951099    167
0.0831349    177
0.0765769    148
0.106175    165
0.0807071    150
0.0824261    163
0.0922239    163
0.0972779    143
0.0798969    168
0.0768151    162
0.110351    137
0.0901101    205
0.0900941    171
0.0763512    156
0.0941679    216
0.0906131    167
0.0920188    161
0.113903    149
0.083653    139
0.077857    183
0.0969932    140
0.10225    187
0.105079    186
0.0775931    151
0.082247    181
0.0779748    181
0.0773981    168
0.0772159    189
0.09132    140
0.109411    170
0.093739    146
0.0995891    141
0.0895021    197
0.0962689    178
0.0982981    153
0.102034    142
0.107895    177
0.172715    169
0.117497    183
0.1089    183
0.0771039    122
0.079114    183
0.0995479    220
0.0966589    172
0.105483    168
0.0811491    158
0.092521    203
0.0948579    161
0.0948379    157
0.093384    167
0.14762    172
0.0816441    175
0.0970421    176
0.095628    148
0.106198    133
0.0883029    131
0.0782521    130
0.103386    194
0.087347    160
0.0921791    163
0.0805569    174
0.0771959    187
0.090034    151
0.100303    156
0.143176    129
0.0767081    206
0.0774121    169
0.0948069    125
0.0767391    134
0.0916619    155
0.079447    170
0.0874791    179
0.0796349    147
0.0790141    173
0.0768669    153
0.0782399    172
0.0880969    145
0.076407    142
0.077878    138
0.079489    156
0.077024    196
0.077235    134
0.084393    133
0.093545    185
0.0910749    152
0.078661    139
0.0768142    144
0.0772989    157
0.0782642    155
0.0862701    190
0.0867    271
0.0948598    189
0.0806382    160
0.0768812    192
0.106911    137
0.094986    185
0.102186    157
0.0783    159
0.0779259    150
0.1022    183
0.0871899    182
0.0853438    194
0.0776329    179
0.087929    178
0.0826721    196
0.085711    162
0.09356    184
0.0812051    160
0.0887821    163
0.0786099    192
0.0825388    135
0.094655    135
0.097471    158
0.099854    187
0.0764821    179
0.078197    196
0.0796621    143
0.076664    153
0.0772572    183
0.0862191    170
0.0769401    200
0.0837419    185
0.118748    131
0.092078    153
0.07794    184
0.0776279    164
0.0978739    178
0.0854099    170
0.0879741    172
0.0832849    124
0.0858591    181
0.0903709    163
0.098773    153
0.084851    167
0.0836639    171
0.0798059    150
0.101894    176
0.0884938    204
0.106175    179
0.077482    182
0.0959289    176
0.0894861    185
0.153689    167
0.076438    174
0.0900149    176
0.10962    160
0.0966239    163
0.0878038    144
0.0962448    155
0.113271    158
0.0989208    175
0.07657    159
0.0775721    201
0.0824699    186
0.0890131    118
0.0765669    201
0.098187    180
0.1023    193
0.104086    153
0.0991139    189
0.0863101    141
0.101029    152
0.104887    182
0.10331    199
0.0827749    163
0.076369    165
0.0821579    184
0.082428    199
0.0782409    182
0.099458    143
0.120734    206
0.101081    177
0.0774901    187
0.0935922    189
0.102723    140
0.0960329    160
0.0773489    173
0.084008    152
0.107222    189
0.0951931    187
0.0918059    197
0.0763581    143
0.0817959    159
0.085037    152
0.102044    161
0.087961    193
0.0875809    178
0.101294    192
0.0865891    152
0.108156    181
0.118355    168
0.0921202    141
0.0886199    189
0.0967851    170
0.0870812    153
0.0774541    178
0.078244    176
0.184076    131
0.106175    204
0.0816059    150
0.077879    153
0.0821171    175
0.0934901    156
0.0946531    141
0.112787    178
0.0946579    141
0.0899889    177
0.078213    165
0.0813639    194
0.079999    138
0.0782139    150
0.0802391    183
0.088062    158
0.12127    196
0.10365    163
0.0769098    162
0.0913951    157
0.096678    195
0.153325    180
0.091413    171
0.084054    134
0.09197    148
0.0776219    168
0.076848    129
0.099781    143
0.0944099    142
0.103283    152
0.0909128    161
0.0978851    155
0.107198    159
0.0966671    194
0.08181    128
0.136473    178
0.0956249    181
0.0985188    185
0.109684    161
0.101669    190
0.080771    193
0.128154    193
0.107707    170
0.0983238    167
0.0911441    172
0.117822    152
0.0978699    182
0.104379    130
0.103586    142
0.113426    214
0.090502    143
0.109367    204
0.087662    213
0.09039    171
0.0795751    177
0.109506    196
0.095978    139
0.080158    147
0.10188    196
0.0929279    184
0.0903361    159
0.0788412    169
0.102673    178
0.0920889    135
0.089061    166
0.0954611    151
0.095552    178
0.0966849    171
0.0766521    193
0.102521    174
0.105767    153
0.113513    215
0.077632    178
0.086246    158
0.091188    152
0.0899239    201
0.076108    137
0.076299    159
0.078161    189
0.092272    138
0.0772059    146
0.0771451    156
0.0891812    140
0.080606    174
0.085274    173
0.0762429    164
0.0768139    165
0.0811701    153
0.0740192    120
0.078578    175
0.0884652    167
0.104857    130
0.100648    156
0.0864851    167
0.07619    147
0.0902259    179
0.0717759    149
0.077621    146
0.125535    147
0.076968    156
0.080945    148
0.0940111    156
0.076741    184
0.077383    156
0.0969012    198
0.0926418    192
0.092838    163
0.0777471    183
0.0776801    207
0.10212    179
0.0936072    160
0.0969298    142
0.07849    175
0.121633    151
0.09128    193
0.0815201    148
0.0776181    136
0.0995262    194
0.104626    175
0.095192    140
0.076736    157
0.0658941    143
0.08448    159
0.0928481    153
0.0927751    169
0.0828969    179
0.0774081    177
0.092957    147
0.068573    194
0.0907469    157
0.077152    200
0.0861459    143
0.09677    163
0.100304    232
0.0941489    152
0.0623751    150
0.0769651    157
0.105208    192
0.092571    143
0.0899131    156
0.0791609    194
0.0787759    180
0.0907879    173
0.106319    193
0.106927    127
0.0804112    214
0.0770431    146
0.0879219    171
0.0758569    148
0.0825369    197
0.1181    211
0.078063    164
0.0979841    149
0.0846958    172
0.0767789    156
0.0920072    175
0.0971141    171
0.0966022    195
0.0781119    171
0.0797498    155
0.090692    160
0.0760338    111
0.0770268    142
0.100025    170
0.105101    152
0.0652421    175
0.0777121    166
0.0764492    163
0.0927348    166
0.0977352    216
0.105515    184
0.078109    188
0.0915689    159
0.083746    170
0.103054    147
0.098767    191
0.077044    198
0.077342    194
0.0823379    191
0.0770149    175
0.0608869    196
0.0768239    146
0.0778151    143
0.078382    141
0.0764122    137
0.0838959    154
0.086982    190
