Graph Name: CollegeMsg.txt
Motif Name: M-2-2.txt
Delta Value: 3200

TIME        NUMBER OF MOTIFS 
0.096554    58817
0.075964    189
0.077518    190
0.0772829    164
0.0854049    139
0.076128    172
0.076751    172
0.0778401    164
0.0773461    187
0.06094    141
0.076647    127
0.0801861    175
0.078547    159
0.0859599    170
0.0844591    160
0.0771351    163
0.0815971    196
0.0767119    163
0.0781209    185
0.0813069    159
0.086446    148
0.101086    186
0.077471    135
0.0766048    155
0.0922482    133
0.0606751    152
0.0533729    159
0.0763772    125
0.0777929    182
0.085151    185
0.0887001    175
0.0914049    151
0.0716121    159
0.074182    156
0.100443    164
0.099678    142
0.105218    173
0.076889    181
0.094269    141
0.0658619    155
0.0914941    149
0.0796132    163
0.1039    113
0.0798039    149
0.1036    167
0.0854938    188
0.068918    161
0.076915    156
0.080358    190
0.0949519    160
0.0810559    173
0.0768709    166
0.0893741    150
0.102343    141
0.099838    143
0.0783489    176
0.093873    152
0.0882902    160
0.103422    157
0.0766821    153
0.103287    128
0.101984    157
0.100458    169
0.083499    180
0.0902801    147
0.078768    174
0.0917981    134
0.0771689    184
0.070863    171
0.091017    169
0.092808    145
0.0956352    121
0.0783892    156
0.08496    170
0.09776    187
0.107299    182
0.077008    150
0.080621    144
0.0764861    160
0.0857189    169
0.112259    171
0.107509    151
0.076793    129
0.0612061    153
0.090946    153
0.108903    172
0.0961699    155
0.0791302    148
0.0800121    120
0.0961041    161
0.0698481    178
0.109866    160
0.0768659    165
0.0907881    166
0.108561    148
0.0885401    171
0.10814    165
0.0897782    184
0.0962739    140
0.0948219    148
0.089505    163
0.0897861    166
0.0832031    138
0.0988688    149
0.0743082    198
0.0546899    158
0.0785339    144
0.0973229    143
0.086668    156
0.0988719    160
0.0781348    125
0.0929952    161
0.0989289    166
0.104982    136
0.0783482    204
0.0930321    169
0.0894172    120
0.0898008    152
0.0864892    159
0.0761759    142
0.100523    156
0.106863    125
0.0830531    165
0.07741    145
0.0798509    149
0.0766621    142
0.078151    149
0.0782261    130
0.0771101    149
0.084475    146
0.0758779    172
0.078243    113
0.096194    152
0.096209    170
0.0802391    160
0.0792379    185
0.0771239    154
0.100033    143
0.0935509    161
0.109515    136
0.0785849    159
0.0595591    169
0.0768061    148
0.0772851    212
0.0824969    170
0.0907271    169
0.0888591    142
0.095103    166
0.117334    151
0.085845    171
0.119094    179
0.08356    163
0.0833859    143
0.0781829    148
0.0771949    144
0.089433    157
0.065583    150
0.100356    150
0.0764911    142
0.0805051    137
0.0962989    184
0.091186    178
0.101724    153
0.0715652    170
0.0961151    175
0.0834582    181
0.0842409    161
0.0934141    149
0.104936    151
0.091388    142
0.063936    136
0.0764749    151
0.0861828    172
0.077199    190
0.0778651    112
0.0860112    155
0.0787542    160
0.0771141    165
0.0756061    139
0.076997    178
0.0610631    218
0.0764542    179
0.0773928    160
0.0766459    144
0.0768189    145
0.0827658    159
0.0773659    156
0.057467    173
0.0763211    160
0.0770311    147
0.0747368    149
0.076961    147
0.0979519    187
0.0860121    162
0.0978768    141
0.077363    140
0.078974    135
0.096354    169
0.0895712    138
0.09881    146
0.106205    121
0.101416    152
0.110742    162
0.089705    145
0.100851    189
0.078764    155
0.0828769    165
0.0752401    148
0.103269    156
0.087296    120
0.064795    188
0.103831    144
0.10998    149
0.0772929    210
0.078867    136
0.077786    156
0.071991    143
0.0790732    149
0.076792    135
0.0863678    147
0.0773969    191
0.0774961    149
0.092617    150
0.0917571    190
0.108383    156
0.070812    161
0.0774839    146
0.081167    173
0.0768969    155
0.0770581    158
0.077847    166
0.0798831    165
0.0603168    151
0.0761578    165
0.077867    181
0.0785439    187
0.10456    172
0.097703    151
0.094552    145
0.112178    196
0.103461    148
0.0930278    193
0.0781751    160
0.0972409    124
0.085856    172
0.103212    170
0.0772841    154
0.0779002    155
0.102899    169
0.092725    164
0.101045    196
0.0787489    172
0.0807929    155
0.095011    168
0.060678    137
0.0805008    156
0.089371    119
0.106217    154
0.098927    150
0.0774031    163
0.0778542    136
0.0809619    192
0.072479    178
0.08234    168
0.083148    130
0.087378    165
0.0765848    144
0.101085    176
0.0973949    173
0.0967171    149
0.078316    165
0.0799601    157
0.0972641    157
0.0928321    185
0.0981178    168
0.081645    139
0.0766158    146
0.0620608    157
0.077482    190
0.078985    153
0.0874441    139
0.089999    165
0.102901    140
0.0999079    140
0.077347    162
0.0952592    112
0.0771232    145
0.087379    144
0.0764511    170
0.0792098    140
0.0875521    135
0.0762539    176
0.0625491    132
0.0873849    160
0.09061    165
0.109862    167
0.081938    163
0.076052    158
0.0901351    142
0.0737879    153
0.0877101    160
0.0994091    168
0.103357    147
0.104446    145
0.0776701    160
0.096415    128
0.0744889    194
0.078217    142
0.083647    145
0.0931981    188
0.0890431    133
0.079335    190
0.0961838    179
0.0892289    189
0.09745    181
0.085922    194
0.07951    159
0.10176    159
0.0777018    147
0.077106    191
0.102832    137
0.0844531    148
0.094712    117
0.103698    169
0.093982    179
0.0773411    131
0.0774789    186
0.078099    196
0.0669329    149
0.0814588    132
0.0803401    165
0.0845981    137
0.076405    172
0.0908649    128
0.077405    157
0.0762792    129
0.0926909    169
0.0962429    165
0.109189    142
0.0790381    168
0.0776021    126
0.0922711    155
0.0899909    146
0.076376    158
0.078434    153
0.0931408    146
0.0903029    127
0.0767009    166
0.0844898    149
0.0751801    177
0.0988202    170
0.0674138    184
0.0739129    149
0.081326    135
0.104941    165
0.0775928    143
0.0826571    151
0.077812    177
0.11436    178
0.0869071    183
0.09517    154
0.0802219    168
0.076442    153
0.0780852    150
0.079072    159
0.077584    152
0.079113    124
0.101081    136
0.106574    190
0.094862    169
0.0764    165
0.0768571    158
0.102511    148
0.096276    195
0.0930879    168
0.0870271    155
0.0764401    199
0.0767591    150
0.076355    147
0.0777171    161
0.0802469    147
0.0780652    136
0.0605721    155
0.0765851    164
0.0784168    135
0.0789781    169
0.0763891    210
0.085623    177
0.0891449    146
0.0959032    144
0.0674829    150
0.100436    156
0.097064    174
0.095932    176
0.09251    158
0.0958049    161
0.07481    157
0.077949    130
0.105361    137
0.0890841    157
0.106649    155
0.0776839    199
0.0766308    159
0.060087    165
0.077404    171
0.077805    158
0.075897    155
0.07757    153
0.0841539    114
0.079705    118
0.0766699    151
0.0895879    165
0.076937    136
0.0793231    149
0.0824859    169
0.0871458    161
0.0959611    160
0.0900331    169
0.0931001    162
0.0840578    159
0.0779281    185
0.0799608    198
0.0767121    150
0.0784931    152
0.0898631    137
0.0786572    171
0.0862732    166
0.077641    165
0.0670419    157
0.0766368    127
0.0988259    142
0.0864089    137
0.0856631    143
0.096591    166
0.0637338    133
0.095243    156
0.076273    149
0.087831    149
0.0781782    177
0.077564    157
0.0964649    155
0.0842829    173
0.102851    178
0.083375    128
0.0770271    163
0.0939829    169
0.109862    155
0.0951378    166
0.0973561    172
0.0872128    144
0.100234    188
0.0761919    156
0.078033    144
0.078217    159
0.0774281    175
0.085547    176
0.0786169    199
0.0780828    182
0.0819719    143
0.0778999    172
0.0823209    144
0.103163    158
0.093632    132
0.096359    191
0.0929    169
0.098784    167
0.108459    193
0.0782421    159
0.0764952    156
0.0764589    166
0.078546    132
0.0789781    176
0.059145    137
0.0765681    161
0.0800109    180
0.0757179    129
0.077235    154
0.0879352    128
0.080452    179
0.101736    132
0.098032    181
0.0953419    176
0.0963318    157
0.0814581    150
0.084219    174
0.094048    171
0.138366    185
0.0783958    164
0.07863    182
0.109859    172
0.113941    175
0.100353    186
0.100682    157
0.0881109    145
0.0921531    172
0.0903349    176
0.0983031    144
0.106708    160
0.07881    174
0.077774    161
0.0788641    107
