Graph Name: CollegeMsg.txt
Motif Name: M-3-1.txt
Delta Value: 3200

TIME        NUMBER OF MOTIFS 
0.0871351    73748
0.078016    188
0.0773151    170
0.0870709    160
0.0650489    138
0.0758429    148
0.076561    159
0.0789678    148
0.087744    181
0.0775919    153
0.0773091    237
0.0818322    164
0.0706139    163
0.0921528    206
0.0770979    126
0.0839698    165
0.0824139    174
0.076611    168
0.0879109    177
0.0799079    159
0.0726368    157
0.077544    138
0.0900402    145
0.101165    163
0.0969288    165
0.0775201    184
0.0795519    170
0.0965879    156
0.0952609    154
0.090076    135
0.076153    186
0.0766878    117
0.104587    198
0.0779369    150
0.105482    161
0.10513    143
0.0770319    166
0.0889959    163
0.101576    168
0.0990541    178
0.081032    199
0.0770071    154
0.105299    156
0.0764141    149
0.0818942    156
0.092241    133
0.103541    165
0.0837929    138
0.0853739    138
0.0770278    166
0.074229    183
0.0898092    157
0.108874    162
0.0760949    132
0.08446    146
0.10027    157
0.0924571    176
0.068795    179
0.0492651    209
0.079272    158
0.091053    133
0.076663    146
0.077544    161
0.109126    161
0.093863    177
0.0950098    160
0.077481    143
0.078433    165
0.093673    191
0.101301    194
0.0947001    164
0.0766749    173
0.058872    148
0.093462    180
0.0781758    147
0.082598    155
0.082916    152
0.106947    170
0.093775    143
0.0787899    210
0.0768771    139
0.0502529    173
0.0773959    167
0.084547    158
0.0771611    156
0.0770199    124
0.0791299    146
0.0826519    141
0.062753    173
0.0782371    169
0.087904    148
0.097774    139
0.092515    172
0.0777969    211
0.0780082    205
0.0818841    147
0.0739932    147
0.0801542    171
0.089004    176
0.104257    167
0.0904548    195
0.0799539    139
0.07686    146
0.114108    149
0.0906641    170
0.083529    159
0.085428    198
0.07758    197
0.086334    156
0.079675    170
0.0782671    170
0.0652461    163
0.10357    165
0.093719    180
0.0768831    152
0.0785811    185
0.0914059    147
0.0806942    162
0.0767701    190
0.0857718    174
0.0706019    175
0.076081    166
0.0905979    162
0.078068    133
0.09782    202
0.0929799    184
0.101901    194
0.0957658    159
0.078753    174
0.076735    197
0.0795271    180
0.107063    159
0.104712    189
0.077522    168
0.0787101    144
0.070132    145
0.0955851    204
0.0949728    180
0.0779042    154
0.0770822    159
0.095794    190
0.066015    165
0.076942    191
0.0771101    172
0.0769422    164
0.0783119    156
0.082351    175
0.077183    163
0.0825939    136
0.080075    164
0.077419    174
0.0967319    169
0.077441    178
0.0778072    168
0.091423    156
0.0926659    114
0.0998359    169
0.0601451    141
0.0762479    176
0.0864961    150
0.077214    170
0.0769529    167
0.0939331    157
0.096972    166
0.085278    150
0.0628018    142
0.0850661    182
0.0931129    195
0.11323    181
0.076617    182
0.0985539    179
0.097965    159
0.0971808    159
0.076931    133
0.100649    159
0.100963    153
0.0915031    186
0.0900519    144
0.0827911    182
0.091979    175
0.103211    187
0.0965059    187
0.0770872    159
0.0866499    159
0.102211    164
0.0936501    161
0.0765569    161
0.080622    142
0.0739038    123
0.0885389    149
0.0768402    158
0.094893    150
0.10455    156
0.0965469    160
0.0697761    177
0.0745239    154
0.107773    166
0.09091    169
0.107027    161
0.0788829    174
0.106101    177
0.082247    140
0.100431    165
0.0769341    201
0.0985808    153
0.0974779    154
0.0982609    163
0.076211    154
0.059561    138
0.07675    159
0.0770941    185
0.080339    196
0.0762379    138
0.0798409    158
0.0826619    176
0.077112    169
0.110923    196
0.0760999    193
0.0890179    198
0.0956311    165
0.090255    199
0.076597    162
0.0884471    172
0.083338    165
0.0581191    150
0.0775499    132
0.0785558    158
0.077049    201
0.0774219    152
0.0859289    144
0.076364    148
0.076371    164
0.101872    151
0.076818    181
0.0778551    163
0.0783219    145
0.099879    174
0.0956221    166
0.0747871    154
0.0771911    166
0.100523    126
0.082361    187
0.0884111    179
0.085036    190
0.103776    171
0.091161    161
0.107344    165
0.078896    149
0.0762782    147
0.077507    158
0.0908599    170
0.0969479    141
0.096499    157
0.0931139    133
0.115026    164
0.0962379    179
0.0912549    166
0.104287    132
0.100769    197
0.0762401    155
0.076601    146
0.076354    162
0.076592    205
0.052407    159
0.076221    179
0.0859859    156
0.0778751    177
0.0773621    153
0.078531    160
0.0772929    163
0.066118    160
0.0948379    183
0.105237    140
0.0861669    182
0.106862    160
0.092761    177
0.090368    167
0.0773711    160
0.084703    166
0.07779    152
0.078687    182
0.0906789    164
0.088294    169
0.0904381    154
0.146816    163
0.0763071    166
0.0965891    164
0.0800762    147
0.0781159    154
0.09512    171
0.110872    150
0.0938451    148
0.0873001    175
0.0962689    155
0.094394    141
0.0762091    148
0.0907061    165
0.0947731    150
0.0939021    191
0.0776551    181
0.0847089    152
0.0903928    142
0.0830781    156
0.0766311    168
0.0881951    162
0.0995011    136
0.112885    159
0.088902    163
0.0957    175
0.101463    149
0.0764651    154
0.0892398    173
0.0822499    151
0.0770009    169
0.0694261    187
0.0414269    175
0.083322    179
0.0771999    192
0.0767472    141
0.0765619    154
0.0865741    143
0.076529    143
0.084568    169
0.105097    163
0.083725    143
0.076735    143
0.077558    141
0.072593    142
0.0896509    177
0.076174    165
0.078733    190
0.076601    186
0.0830731    179
0.076818    153
0.0769351    140
0.0828092    179
0.0762959    154
0.0597639    148
0.087224    194
0.108232    148
0.0968859    160
0.0944481    141
0.077842    134
0.090502    152
0.066776    135
0.0815511    129
0.0775158    226
0.078001    162
0.0805221    147
0.087008    179
0.0768139    187
0.089344    161
0.0782452    116
0.076473    166
0.049222    149
0.0884051    180
0.097225    217
0.081862    168
0.0777719    160
0.0783391    139
0.0792432    148
0.0779159    193
0.074348    164
0.076499    161
0.078095    155
0.0774772    164
0.0764539    150
0.076664    184
0.0797532    169
0.06006    173
0.0765789    181
0.0887558    153
0.111405    164
0.102931    158
0.0902441    156
0.0950398    145
0.064553    183
0.085639    177
0.0857451    159
0.0951848    188
0.0948172    161
0.0758321    149
0.076164    159
0.0768559    149
0.0887921    129
0.088455    168
0.0776389    187
0.0773361    156
0.082309    170
0.0802059    168
0.077179    133
0.081887    151
0.0921009    180
0.101678    148
0.080914    162
0.086484    144
0.0777972    153
0.0763969    175
0.104088    148
0.0940461    189
0.098274    187
0.095099    157
0.0792639    160
0.0782099    167
0.0762751    178
0.0764649    147
0.0913131    164
0.0843101    171
0.0845392    176
0.0774851    132
0.0793378    154
0.0778511    127
0.077172    158
0.0852129    198
0.100287    169
0.0787292    163
0.0941911    174
0.0965769    146
0.0945339    191
0.100758    183
0.101256    178
0.099355    154
0.108049    160
0.107456    177
0.095494    196
0.107439    149
0.100249    173
0.106713    175
0.102845    195
0.0723529    185
0.091532    151
0.0768979    151
0.103653    169
0.100495    168
0.096441    173
0.0940769    191
0.087003    181
0.0884771    198
0.0979159    131
0.0930898    138
0.0979161    171
0.104481    189
0.094563    159
0.0920339    166
0.111971    148
0.0944841    160
0.094337    173
0.075567    156
0.128492    200
0.0764511    129
0.0785401    199
0.0785408    160
0.0774419    157
0.0814099    185
0.0772898    141
0.0788372    139
0.0768371    146
0.091115    155
0.0914099    154
0.0903618    137
0.07778    202
0.0778191    167
0.094455    185
0.0805149    163
0.122268    150
0.092839    158
0.100218    153
0.104726    186
0.10568    174
0.082468    171
0.10577    161
0.059185    149
0.0917189    118
0.100823    164
0.093869    141
0.103537    193
0.0802779    147
0.0944431    158
0.06128    176
0.100017    159
0.0961249    148
0.0892251    159
0.101995    155
0.105846    114
0.0881009    141
0.076659    161
0.0881321    183
0.101877    153
0.0867469    180
0.077188    184
0.079124    147
0.0865719    174
0.092221    143
0.0766869    157
0.067235    197
0.0768099    143
0.0787821    155
0.0853598    146
0.0917561    150
0.090235    180
0.0623529    157
