Graph Name: CollegeMsg.txt
Motif Name: M-1-3.txt
Delta Value: 3200

TIME        NUMBER OF MOTIFS 
0.0364101    2456
0.039273    6
0.0355492    4
0.034862    8
0.0360079    8
0.0363789    7
0.035404    3
0.0345459    6
0.0348098    11
0.045748    7
0.0383201    5
0.0359149    8
0.0356529    5
0.034996    3
0.0354111    6
0.036761    8
0.0358009    2
0.0351601    5
0.0349829    9
0.049449    6
0.0376458    9
0.111186    3
0.078624    7
0.0862751    7
0.0915668    8
0.085062    7
0.078963    3
0.0897419    11
0.0800891    10
0.078907    6
0.152669    7
0.101467    9
0.088979    5
0.0801568    5
0.0840559    5
0.0789659    7
0.079299    11
0.0796621    6
0.0794868    7
0.0987608    13
0.0978069    5
0.0945029    9
0.0802951    12
0.081213    11
0.101113    11
0.0922141    3
0.0977681    7
0.086694    8
0.078136    8
0.0927329    6
0.0947981    4
0.0980439    7
0.078747    5
0.0812719    5
0.101972    8
0.0845201    4
0.100512    7
0.0810351    5
0.0836411    5
0.0791001    8
0.0796881    4
0.0793002    7
0.0791371    8
0.095715    8
0.098711    6
0.090239    9
0.083081    13
0.0944939    9
0.094656    5
0.112169    8
0.08181    9
0.0820301    6
0.108228    8
0.0958428    6
0.106271    7
0.0812781    6
0.0819001    5
0.09146    6
0.100463    9
0.10577    10
0.095027    5
0.0795379    3
0.104627    10
0.101878    8
0.0985811    4
0.0809078    5
0.112    7
0.0846231    4
0.07797    4
0.0802052    6
0.085145    12
0.0810499    11
0.080569    9
0.079397    4
0.0805151    7
0.105335    9
0.099071    9
0.100469    6
0.0791659    4
0.0805311    8
0.100605    8
0.105599    6
0.090766    5
0.081542    7
0.0781131    5
0.0782671    8
0.0815001    7
0.0788221    12
0.0803499    12
0.102489    10
0.0961721    6
0.101359    9
0.0785332    6
0.0875919    10
0.0973849    5
0.101713    11
0.090132    2
0.0856051    5
0.093586    9
0.097029    7
0.0952601    12
0.152594    4
0.0790129    8
0.0988891    8
0.112017    7
0.107417    8
0.079982    7
0.098851    7
0.115498    4
0.0987861    3
0.0844278    5
0.0789609    10
0.0785911    7
0.0802789    7
0.0798359    2
0.117051    7
0.105306    1
0.0995312    5
0.101004    7
0.101077    8
0.079149    3
0.0929911    8
0.112763    10
0.109127    7
0.080734    2
0.091912    4
0.0953331    6
0.0956769    6
0.088125    10
0.089041    3
0.104414    8
0.102596    3
0.0776758    7
0.095299    5
0.100184    9
0.115125    5
0.088336    14
0.100745    11
0.103724    4
0.09255    10
0.0913689    5
0.101529    10
0.104229    4
0.107272    11
0.0876031    5
0.0798011    10
0.0876191    8
0.084085    3
0.0999031    10
0.0796931    5
0.0899169    6
0.111176    6
0.0958779    6
0.096524    6
0.0795012    1
0.0949979    5
0.0817349    6
0.0983591    11
0.0854771    7
0.0891051    2
0.0980649    5
0.0989079    5
0.109046    5
0.081496    4
0.0944269    7
0.10082    11
0.088856    5
0.078788    8
0.0958669    2
0.149736    6
0.0965879    3
0.078721    6
0.0981879    1
0.0872102    7
0.105663    5
0.0785182    6
0.107444    5
0.10549    12
0.111392    14
0.0793681    3
0.096384    4
0.109631    8
0.10465    4
0.0780971    9
0.0792952    3
0.106862    8
0.0849991    5
0.102255    8
0.07862    7
0.078099    9
0.088712    7
0.0924251    4
0.1066    13
0.0847089    6
0.107752    5
0.090667    4
0.11746    5
0.10124    9
0.099592    3
0.0918379    9
0.0778232    6
0.088377    3
0.078552    3
0.108669    6
0.098839    7
0.0998888    9
0.108385    2
0.0936651    5
0.117451    11
0.117174    10
0.122296    8
0.132931    6
0.126384    5
0.074389    6
0.107126    4
0.100973    5
0.109198    4
0.103261    12
0.0930061    6
0.100722    5
0.118511    12
0.117552    9
0.09304    9
0.0945601    7
0.106165    6
0.103546    22
0.109168    10
0.122543    10
0.0780721    4
0.080477    11
0.081594    6
0.0794122    3
0.0834169    4
0.079318    5
0.090107    6
0.126972    9
0.135754    7
0.132769    3
0.115856    8
0.0984452    3
0.105645    11
0.108693    4
0.0801308    3
0.119517    7
0.108076    4
0.101481    9
0.124359    10
0.0869479    6
0.0790231    5
0.0805969    13
0.0783761    3
0.0783989    16
0.088789    11
0.082063    5
0.0799382    9
0.082711    5
0.0782201    4
0.0786841    6
0.087698    9
0.07816    9
0.080153    6
0.0902491    8
0.0796301    4
0.0797591    10
0.0845311    5
0.079174    4
0.0802789    8
0.08094    10
0.079149    5
0.115413    4
0.0997138    2
0.107621    11
0.0784531    7
0.0792801    13
0.096251    4
0.110678    9
0.108725    8
0.110238    9
0.0961969    13
0.103689    7
0.0871322    6
0.0865428    4
0.110505    6
0.084347    5
0.0792661    4
0.0964642    8
0.105133    8
0.103499    15
0.0931339    7
0.107475    8
0.103344    7
0.087101    6
0.0844011    14
0.0952961    8
0.096324    0
0.084573    3
0.0785491    6
0.0820279    10
0.0872009    6
0.092483    9
0.0900309    9
0.104692    6
0.0937581    3
0.146158    7
0.109735    9
0.078428    6
0.10839    5
0.0828021    7
0.114855    13
0.0801022    2
0.140008    3
0.078903    4
0.0797591    8
0.10028    2
0.099499    5
0.0950649    7
0.105496    4
0.112029    9
0.0987639    2
0.090133    7
0.0924778    9
0.112242    7
0.101984    7
0.079726    5
0.088454    2
0.0813489    4
0.0792382    9
0.107667    5
0.114532    5
0.0979681    5
0.0792129    6
0.0824339    3
0.0900049    7
0.077956    2
0.0966511    11
0.0992939    4
0.111006    4
0.0790651    6
0.080343    9
0.0812981    6
0.0784891    8
0.083513    7
0.0879531    7
0.08094    2
0.0902748    9
0.156149    8
0.117115    4
0.098721    1
0.0870342    5
0.111    13
0.082648    10
0.0948579    4
0.110921    11
0.095139    9
0.099103    6
0.0993822    8
0.102836    7
0.093878    2
0.107048    7
0.113326    7
0.0788002    9
0.079869    5
0.088325    7
0.092442    12
0.07955    4
0.158339    8
0.0933621    6
0.0905192    6
0.110484    7
0.101457    2
0.108033    12
0.0793822    8
0.108519    5
0.101662    5
0.095659    9
0.078315    8
0.0786111    7
0.08425    9
0.079042    8
0.117774    12
0.0976052    9
0.086807    13
0.098711    8
0.0982251    7
0.102058    6
0.118463    11
0.079958    5
0.0777411    11
0.0810549    4
0.078474    8
0.079828    5
0.093513    5
0.0995378    5
0.111547    10
0.107849    8
0.106579    9
0.089334    5
0.105443    10
0.0895619    7
0.112012    4
0.10942    6
0.092906    9
0.095938    3
0.0801079    4
0.0863721    7
0.080493    14
0.116828    8
0.087656    8
0.0792642    4
0.0792871    8
0.0854831    5
0.0806069    4
0.080529    11
0.0806561    6
0.080174    7
0.105355    7
0.10643    9
0.100831    5
0.080363    8
0.0808179    19
0.155764    1
0.0945261    4
0.098278    7
0.080054    10
0.0844369    12
0.080158    8
0.0797999    6
0.0956221    7
0.114656    6
0.109086    6
0.105591    8
0.0954309    5
0.112021    7
0.0858819    11
0.106867    3
0.0998621    7
0.106809    8
0.0854418    12
0.101522    13
0.0785458    4
0.143941    2
0.114436    6
0.097152    9
0.104493    5
0.0983322    6
0.109493    3
0.108504    6
0.079917    5
0.096827    6
0.086211    11
0.078861    6
0.0823929    6
0.0871611    8
0.0798721    7
0.109881    7
0.104757    12
0.106819    3
0.093646    5
0.0952711    8
0.103602    6
0.13957    1
0.088846    5
0.077893    10
0.0880592    7
0.07898    13
0.0788682    10
0.0893059    6
0.0787289    5
0.113906    7
0.104818    7
0.0927548    4
0.104117    6
0.0783701    7
0.0884159    8
0.103479    8
0.101787    6
0.105522    10
0.078794    8
0.084964    9
0.0815639    19
0.078541    6
