Graph Name: CollegeMsg.txt
Motif Name: M-3-5.txt
Delta Value: 3200

TIME        NUMBER OF MOTIFS 
0.193553    1797
0.126443    7
0.109656    7
0.066684    6
0.077471    4
0.106236    1
0.127221    6
0.121248    6
0.0834029    6
0.098702    5
0.0724761    6
0.05687    6
0.086169    9
0.087409    5
0.095367    8
0.079385    6
0.102792    2
0.0610938    5
0.0793209    9
0.0916719    8
0.12264    2
0.198341    7
0.0908718    7
0.091717    4
0.079664    4
0.0940719    7
0.127646    9
0.093822    2
0.0988481    2
0.103671    3
0.0837069    4
0.101308    6
0.0781839    7
0.108693    8
0.117854    4
0.0928881    0
0.0898459    2
0.0832601    5
0.0937638    2
0.125977    6
0.0726759    4
0.108459    5
0.131042    5
0.0752931    7
0.110049    2
0.0821099    5
0.120371    7
0.0871532    3
0.121554    2
0.077688    5
0.0681121    8
0.087085    6
0.102421    5
0.086488    5
0.0969    4
0.119963    2
0.0832651    5
0.098057    6
0.0963159    2
0.0769882    9
0.076601    1
0.142247    8
0.086051    10
0.123666    6
0.0821459    3
0.097755    9
0.0710731    3
0.089494    11
0.120182    7
0.084794    7
0.119822    7
0.0920398    7
0.078793    3
0.079704    3
0.108126    5
0.0728512    4
0.06301    6
0.117491    2
0.134494    4
0.102541    5
0.096822    5
0.118703    4
0.109154    6
0.0711799    4
0.08917    12
0.0728409    5
0.120287    7
0.130933    5
0.0997179    5
0.091552    6
0.0999939    0
0.10426    6
0.124145    5
0.0999858    1
0.117127    7
0.089473    6
0.092845    4
0.0856831    3
0.0814362    8
0.0845718    12
0.092241    2
0.122886    3
0.121627    3
0.108215    8
0.0835509    3
0.082197    5
0.0610371    4
0.139044    5
0.0886259    2
0.115072    10
0.087836    5
0.0804849    4
0.083267    4
0.085094    11
0.0806019    5
0.082058    3
0.0819368    4
0.089391    2
0.120051    9
0.0982969    0
0.109662    9
0.132192    11
0.129717    11
0.105596    6
0.0998309    2
0.09548    7
0.118913    8
0.114684    8
0.106518    4
0.101294    15
0.138159    4
0.0798981    10
0.1049    5
0.092195    4
0.20288    4
0.0541339    4
0.0519359    2
0.0539398    6
0.061197    5
0.0540261    8
0.0523169    11
0.041096    13
0.0467319    4
0.073936    4
0.053597    9
0.049098    4
0.0829132    5
0.0850549    3
0.0521479    11
0.0531752    7
0.0441649    7
0.049751    5
0.0487401    6
0.071697    4
0.0587819    6
0.0993099    8
0.108501    7
0.104457    5
0.095758    14
0.116055    8
0.119999    6
0.0985532    9
0.095058    6
0.093029    5
0.101626    10
0.106023    6
0.132117    6
0.0694439    9
0.0863891    5
0.0963931    7
0.0960331    7
0.131263    7
0.157041    6
0.10554    3
0.0800779    7
0.0893419    2
0.0972409    11
0.103218    6
0.0869749    6
0.0897238    4
0.0696151    4
0.102036    4
0.173779    3
0.088378    12
0.38666    5
0.15458    11
0.168113    4
0.227765    6
0.119505    6
0.106473    5
0.0817649    8
0.06481    4
0.10351    3
0.116868    10
0.110172    6
0.236008    3
0.249804    8
0.118261    8
0.110039    6
0.157747    7
0.179411    6
0.0746431    4
0.108487    6
0.093945    2
0.088788    5
0.10482    10
0.112612    7
0.182229    2
0.0720122    12
0.104879    6
0.104046    7
0.0997472    8
0.0948551    11
0.113198    4
0.107796    7
0.098752    3
0.0933011    5
0.108059    5
0.118768    5
0.116389    3
0.119785    5
0.0855889    6
0.0800729    5
0.119265    15
0.10689    4
0.102698    8
0.106639    6
0.103273    11
0.0999401    10
0.0890698    5
0.097249    5
0.147406    2
0.0893018    5
0.07899    8
0.0844221    7
0.0790598    7
0.079113    2
0.086328    8
0.078692    2
0.118233    3
0.102481    6
0.0982189    1
0.093003    4
0.097476    4
0.09711    5
0.179116    4
0.0829501    4
0.0783761    13
0.0852449    5
0.0943789    4
0.108834    4
0.080374    8
0.078259    10
0.110612    9
0.113189    9
0.10296    13
0.0790851    2
0.0795159    4
0.0850861    4
0.0931928    3
0.0897861    1
0.0797222    2
0.091959    5
0.085242    4
0.0944991    8
0.0988071    7
0.116065    6
0.0876141    2
0.0791838    7
0.0862291    7
0.1009    9
0.0963969    4
0.08623    9
0.078522    8
0.087013    11
0.0976059    3
0.103314    8
0.099674    6
0.0788462    5
0.0840578    6
0.0795019    4
0.10423    5
0.0917792    9
0.099633    2
0.089623    3
0.078485    3
0.0789659    2
0.0943191    9
0.108098    7
0.086916    6
0.0780752    5
0.0798621    5
0.0973771    5
0.107941    12
0.0946681    4
0.079587    2
0.087451    2
0.0790801    5
0.0798359    8
0.0885251    8
0.0798631    1
0.102825    4
0.118401    4
0.108717    9
0.0791991    5
0.0789561    3
0.100126    4
0.107185    6
0.0930362    5
0.104732    6
0.0853889    7
0.0851691    4
0.0793591    8
0.079047    4
0.078964    2
0.084717    6
0.078635    3
0.0887411    6
0.0781751    8
0.078805    4
0.0975299    9
0.094727    3
0.102365    6
0.0943279    6
0.118849    11
0.0643389    2
0.0602679    6
0.142639    16
0.0792398    3
0.0813138    5
0.0828278    7
0.087523    5
0.101356    1
0.0951462    7
0.0851939    6
0.0795021    9
0.081358    9
0.103449    12
0.0663891    3
0.106082    4
0.122975    12
0.134299    5
0.105913    2
0.112318    6
0.114614    5
0.114254    2
0.15916    5
0.108611    8
0.126354    4
0.142562    8
0.144165    7
0.111709    7
0.100044    6
0.124563    7
0.123064    7
0.106476    10
0.0937059    4
0.0927191    4
0.0672998    3
0.069154    8
0.144081    2
0.12435    3
0.0999441    10
0.116649    13
0.118834    4
0.104747    9
0.081187    6
0.0796931    6
0.0961759    7
0.0807011    3
0.0781012    4
0.078763    0
0.0992379    6
0.0945768    2
0.096689    6
0.091841    4
0.103095    3
0.109928    3
0.0811338    2
0.0783072    7
0.084059    3
0.0902381    4
0.113466    6
0.094589    7
0.0791619    6
0.0787079    4
0.0931821    7
0.102169    5
0.0942421    4
0.111909    8
0.106555    10
0.0799251    6
0.089184    3
0.078233    3
0.078789    10
0.089262    19
0.115744    6
0.0911601    8
0.0791452    4
0.078316    5
0.102444    4
0.0941598    5
0.091624    10
0.113932    3
0.103362    10
0.094368    9
0.0925999    4
0.078413    6
0.084111    4
0.093642    11
0.104189    4
0.0998781    3
0.0861409    8
0.0793302    4
0.0863261    3
0.083847    8
0.0787292    12
0.0785999    7
0.0815759    5
0.0972791    5
0.085463    7
0.104401    7
0.0818911    9
0.0893981    7
0.0790961    2
0.096827    3
0.114158    5
0.0897961    5
0.0976129    6
0.078299    4
0.0876882    10
0.0799499    7
0.111758    4
0.085954    8
0.0794449    8
0.0912089    1
0.0929821    5
0.0880332    3
0.079078    5
0.0790932    9
0.108406    6
0.0899019    5
0.09515    7
0.0843172    7
0.078362    10
0.0856361    3
0.0806661    5
0.104333    4
0.0998471    11
0.107089    11
0.0809131    5
0.07845    5
0.0860322    7
0.174119    2
0.116886    3
0.0797291    10
0.0783632    8
0.100691    5
0.0926111    7
0.0822122    4
0.117454    7
0.104085    7
0.088644    4
0.0794289    4
0.079402    7
0.0784471    9
0.088212    1
0.1333    5
0.100664    6
0.0824499    9
0.0852399    7
0.0921481    2
0.081547    3
0.08603    3
0.111083    3
0.09674    7
0.103795    1
0.0913112    12
0.078501    9
0.0788841    5
0.080565    4
0.0792902    5
0.101514    9
0.0804172    6
0.095561    7
0.0784779    16
0.078712    7
0.0825169    6
0.085201    0
0.10257    9
0.122369    5
0.112226    4
0.086287    6
0.0822561    3
0.091507    3
0.175703    12
0.110786    3
0.080533    2
0.0811019    5
0.0942271    4
0.0911949    5
