Graph Name: CollegeMsg.txt
Motif Name: M-3-2.txt
Delta Value: 3200

TIME        NUMBER OF MOTIFS 
0.087635    77053
0.0925691    98
0.0771229    113
0.0772829    106
0.103751    132
0.112001    119
0.0963569    131
0.0914221    108
0.094219    140
0.100673    121
0.0752869    98
0.0832279    118
0.0962238    131
0.0936072    100
0.0914679    113
0.101684    130
0.101548    108
0.0770719    122
0.097616    109
0.097275    116
0.0755761    117
0.0886848    135
0.100629    117
0.0825329    123
0.084161    110
0.0841031    97
0.07779    120
0.0933199    101
0.091378    143
0.0920541    105
0.105619    129
0.0876131    116
0.0959411    93
0.098141    114
0.119607    131
0.079803    141
0.086395    119
0.0770769    123
0.082453    133
0.0814381    133
0.0773549    103
0.106209    117
0.0787029    144
0.075958    128
0.0900071    120
0.0970941    129
0.0962372    131
0.079169    115
0.0830531    132
0.094723    121
0.145539    113
0.102719    115
0.0776868    117
0.0794401    120
0.091032    137
0.0959029    147
0.087184    139
0.0774798    114
0.0725539    162
0.0788021    92
0.0768809    129
0.085958    116
0.0853078    121
0.0842361    111
0.0923791    105
0.077672    113
0.078151    113
0.071167    120
0.0769579    117
0.077276    115
0.0901101    138
0.0971689    111
0.098938    142
0.0736589    130
0.0816669    109
0.0783782    129
0.093195    116
0.089988    151
0.077395    126
0.079726    140
0.077817    115
0.0687101    117
0.079124    128
0.0776079    114
0.0857279    138
0.081063    142
0.0776711    141
0.077379    140
0.0763929    111
0.1013    101
0.0974889    124
0.098031    119
0.078609    114
0.076596    115
0.0767071    128
0.0770481    117
0.079397    150
0.086412    118
0.0835891    138
0.087863    127
0.09795    111
0.093235    146
0.099416    122
0.077312    120
0.078367    164
0.100508    126
0.107987    119
0.106401    118
0.094759    121
0.089222    129
0.097506    120
0.061795    119
0.0936651    124
0.0901699    138
0.0885651    123
0.104185    105
0.097712    107
0.0915871    106
0.067755    128
0.0735071    147
0.102714    91
0.0797801    107
0.105891    134
0.100437    113
0.0911379    128
0.0774758    124
0.0875359    120
0.0785301    130
0.0867891    115
0.093468    114
0.10256    130
0.0902491    98
0.0728769    137
0.077203    117
0.094162    111
0.110747    152
0.104982    117
0.0925469    107
0.112563    125
0.091363    135
0.093816    125
0.106513    123
0.110475    111
0.0783241    106
0.0784781    122
0.0864191    107
0.078481    101
0.08286    121
0.097919    120
0.109631    115
0.106816    129
0.098794    119
0.133905    138
0.10058    125
0.101187    137
0.10945    107
0.107137    107
0.0811331    131
0.0771101    137
0.0771921    98
0.100006    104
0.09938    98
0.107024    122
0.097034    102
0.114218    121
0.0767531    91
0.0822389    121
0.105719    134
0.102005    121
0.108958    136
0.106859    143
0.103601    112
0.083534    103
0.08496    92
0.099474    113
0.118788    135
0.077271    125
0.0900791    120
0.103749    116
0.0931659    123
0.098459    124
0.092757    98
0.0986481    129
0.0789659    125
0.0768352    130
0.0964181    109
0.0783811    128
0.059515    142
0.101344    145
0.093544    151
0.109625    110
0.0952821    83
0.0896649    140
0.104459    135
0.0775781    122
0.0720708    105
0.0806661    121
0.101348    134
0.0787909    133
0.0775721    144
0.090615    111
0.0965669    130
0.0913701    118
0.0777678    150
0.078383    142
0.0763011    116
0.076524    108
0.0825031    122
0.0787151    139
0.077136    124
0.106196    112
0.0838761    143
0.0696721    146
0.0774009    141
0.104456    147
0.0977151    127
0.0764408    102
0.0965629    102
0.0715098    76
0.100316    103
0.077213    142
0.0921369    142
0.0963581    149
0.101123    94
0.0770271    128
0.0657051    147
0.072331    124
0.077188    108
0.0798039    123
0.078752    132
0.0776231    111
0.0805259    124
0.0917811    105
0.0649741    109
0.101156    128
0.077805    128
0.078336    132
0.0858159    133
0.0767019    112
0.085851    125
0.089102    121
0.085031    140
0.097156    103
0.0887799    102
0.0785699    131
0.077472    108
0.0775979    111
0.0858181    124
0.0903208    137
0.097621    133
0.081944    155
0.07671    134
0.0769181    123
0.078747    107
0.0796039    104
0.0815251    139
0.0772309    108
0.079375    127
0.053966    137
0.077116    125
0.079838    147
0.0768442    105
0.0773242    105
0.072238    115
0.0776439    121
0.077616    115
0.092262    104
0.104338    116
0.107678    96
0.0891221    111
0.091434    118
0.0986202    119
0.075037    116
0.1126    117
0.0768619    115
0.0968878    137
0.091198    132
0.105285    124
0.0779459    119
0.114941    116
0.0888748    118
0.09692    138
0.0964601    110
0.0770912    114
0.0771799    118
0.0855029    114
0.0766301    131
0.058641    137
0.0864949    115
0.0917039    108
0.0893898    134
0.0777121    95
0.0787859    131
0.107607    127
0.0808859    128
0.0873921    111
0.0979681    133
0.0864279    168
0.110287    124
0.075258    150
0.085541    110
0.0614569    132
0.0766549    138
0.0868499    141
0.0701599    96
0.0805511    115
0.0889199    95
0.079035    122
0.0867119    132
0.0907021    125
0.0583301    124
0.113235    129
0.0873001    130
0.086894    125
0.076587    113
0.0777571    153
0.077487    140
0.0766959    108
0.0776429    155
0.054342    100
0.100533    134
0.0893741    136
0.109115    126
0.076422    125
0.0761268    138
0.0944948    132
0.108724    139
0.104278    123
0.0777881    95
0.0769482    106
0.08798    134
0.103371    127
0.138733    166
0.0761499    106
0.0698299    119
0.093858    113
0.0867031    115
0.106791    92
0.0793931    131
0.07692    109
0.073312    127
0.0816181    112
0.083751    114
0.0764601    109
0.0857639    125
0.100864    133
0.0875502    101
0.0680909    109
0.0781591    122
0.0764031    131
0.0994718    106
0.0772669    110
0.0770268    115
0.0900471    147
0.100969    125
0.0983601    112
0.0875411    109
0.076997    100
0.095439    126
0.089344    124
0.0859098    111
0.0781798    98
0.0762851    130
0.068157    121
0.0923979    113
0.104913    146
0.077152    127
0.0541949    136
0.0921578    113
0.100097    128
0.0954092    116
0.0785129    92
0.077976    120
0.070497    116
0.103676    138
0.0897501    113
0.0786462    141
0.0770769    131
0.088413    127
0.0964921    115
0.102105    114
0.0767579    135
0.0783448    119
0.08441    123
0.081696    124
0.0845759    118
0.076355    110
0.080472    105
0.0777259    147
0.078249    94
0.0677378    112
0.0773642    116
0.081387    168
0.076869    129
0.0801351    137
0.079613    109
0.0771198    126
0.074688    104
0.0691869    137
0.0872269    127
0.0772171    136
0.0845208    117
0.085917    112
0.0765669    114
0.125744    114
0.076916    127
0.089009    132
0.094569    140
0.09232    130
0.107714    116
0.0794141    117
0.078449    109
0.091094    166
0.0975602    142
0.091085    140
0.077759    108
0.0787661    137
0.0911572    113
0.07656    116
0.09604    118
0.080874    96
0.0748351    78
0.076653    131
0.0780611    104
0.0762329    108
0.0937099    143
0.085891    137
0.076637    114
0.060873    141
0.083529    111
0.0766749    109
0.105928    127
0.0837431    105
0.089515    101
0.0776701    136
0.1004    91
0.089874    113
0.096066    121
0.104976    139
0.077059    99
0.0768602    127
0.0991769    118
0.0770481    142
0.0656469    103
0.102116    112
0.088964    150
0.097821    124
0.0792909    116
0.077388    121
0.0916681    143
0.13733    138
0.091989    141
0.077038    157
0.076962    125
0.093924    152
0.107172    110
0.10273    108
0.0770042    115
0.0747981    129
0.0940859    145
0.0891931    101
0.093189    97
0.0855911    128
0.0825891    104
0.102289    120
0.0983779    119
0.100177    136
0.077162    115
0.0837469    97
0.08512    151
0.079494    119
0.086066    130
0.0777271    117
0.0622668    148
0.0917311    136
0.0765231    94
0.0786881    137
0.0767219    128
0.106265    125
0.0908    104
0.0909429    124
0.102325    143
0.081573    116
0.0780752    122
0.0847099    135
0.0997932    129
0.088197    120
0.0779512    121
0.0704389    146
0.090905    150
0.0828841    140
0.106714    120
0.0856872    145
0.086551    110
0.0957551    145
0.0732071    160
0.095649    143
0.0775039    114
0.095088    102
0.0916321    199
0.0957611    138
