Graph Name: CollegeMsg.txt
Motif Name: M-2-5.txt
Delta Value: 3200

TIME        NUMBER OF MOTIFS 
0.103477    98121
0.0902011    170
0.089309    170
0.0684071    157
0.09286    166
0.099627    162
0.095614    171
0.105605    192
0.0908029    161
0.0989811    171
0.100646    169
0.095197    166
0.096019    172
0.0871429    158
0.110642    171
0.104517    143
0.0735059    141
0.074621    163
0.102614    152
0.109333    179
0.0979509    143
0.103129    150
0.0960472    149
0.0971761    148
0.107004    143
0.0922599    176
0.105004    166
0.0822232    157
0.09094    192
0.10239    158
0.104177    205
0.097935    166
0.0946889    177
0.10153    157
0.0890601    159
0.101772    177
0.0665429    154
0.072859    142
0.105521    147
0.102903    154
0.094547    145
0.094583    137
0.088398    165
0.0873349    171
0.0978541    172
0.099529    199
0.094187    150
0.106299    166
0.0974522    204
0.0697641    175
0.073009    182
0.0869951    163
0.0993431    184
0.106971    174
0.101668    160
0.091763    185
0.060679    167
0.0770929    183
0.105333    152
0.0980182    169
0.101291    172
0.099524    164
0.091095    158
0.0997758    146
0.111188    176
0.0946388    236
0.089452    200
0.0899279    144
0.0923889    138
0.0694802    144
0.0550609    168
0.101318    184
0.0920091    147
0.101243    157
0.0949631    164
0.092876    126
0.0943151    147
0.0985451    158
0.095525    153
0.0862381    177
0.090131    148
0.0969141    144
0.144293    156
0.0772121    167
0.085134    170
0.099678    152
0.102932    173
0.108109    134
0.0806711    165
0.0593491    138
0.101991    161
0.0938208    157
0.0916362    168
0.0868111    165
0.099133    182
0.0945859    185
0.100637    147
0.10575    160
0.0850739    175
0.100321    156
0.0993872    183
0.0890751    203
0.0691411    142
0.086828    190
0.106139    173
0.0967901    182
0.0860288    182
0.095273    140
0.0900819    141
0.096827    135
0.095809    179
0.0932281    168
0.106656    208
0.0978889    155
0.0971792    171
0.0712402    129
0.07267    125
0.0843701    191
0.100337    135
0.0986259    155
0.0854249    172
0.091058    134
0.077929    137
0.079762    152
0.091114    147
0.097724    166
0.104204    184
0.0976701    175
0.0941041    186
0.0914829    166
0.119703    172
0.10695    175
0.096149    176
0.0941629    199
0.0966492    161
0.111822    120
0.076473    182
0.0906599    144
0.0932641    161
0.112059    164
0.102169    173
0.102441    179
0.125262    148
0.077255    161
0.092706    176
0.087837    180
0.100119    197
0.100255    192
0.0977201    164
0.092443    170
0.096185    155
0.107821    153
0.0996909    162
0.100884    195
0.106355    157
0.0958009    171
0.136911    146
0.103198    174
0.0887399    186
0.093992    153
0.104187    175
0.092145    187
0.103013    165
0.102199    188
0.0926411    154
0.0989931    163
0.100754    145
0.088968    168
0.0907509    164
0.0944581    169
0.105822    174
0.0986421    179
0.103112    185
0.10278    196
0.087435    158
0.104716    155
0.103511    159
0.0912251    145
0.097394    169
0.115774    199
0.101558    150
0.0979159    156
0.151773    164
0.081214    138
0.103355    176
0.096138    165
0.0942159    192
0.08986    190
0.0904078    179
0.098341    184
0.104208    183
0.0991399    173
0.089021    173
0.0951769    188
0.098258    161
0.092515    190
0.105293    136
0.0806348    163
0.103525    147
0.095552    186
0.100227    164
0.1012    194
0.0845752    175
0.0785799    176
0.096199    138
0.10271    160
0.100171    153
0.098562    170
0.0955172    144
0.106634    165
0.10187    164
0.104749    179
0.0863969    153
0.090301    187
0.0967782    125
0.0706    154
0.090946    192
0.0815241    158
0.0974801    189
0.104624    194
0.0912759    180
0.101125    132
0.0985808    166
0.0928299    214
0.0909059    186
0.096559    173
0.0929501    153
0.0988181    134
0.069648    194
0.0707119    171
0.0841601    164
0.0873489    170
0.0906441    178
0.092844    161
0.091742    167
0.102946    129
0.0983069    185
0.093338    182
0.101977    190
0.0870359    185
0.104892    162
0.0705869    188
0.0789521    154
0.0896869    196
0.092845    141
0.0982571    180
0.0850279    225
0.092916    164
0.0656641    153
0.0969579    187
0.0932078    135
0.092871    168
0.0926061    189
0.102533    159
0.0945702    148
0.098089    138
0.074604    174
0.0959179    156
0.097842    159
0.0984058    177
0.100931    137
0.096704    161
0.085999    170
0.092236    166
0.098902    169
0.0935409    156
0.0864501    155
0.0842021    154
0.0797241    156
0.080997    193
0.0865068    133
0.0938652    180
0.0894091    172
0.0948679    178
0.0882661    219
0.0946729    176
0.0996029    184
0.0938268    171
0.103211    166
0.0982451    160
0.085989    180
0.0777049    151
0.0949221    173
0.106577    164
0.092804    152
0.100966    158
0.0988481    169
0.087075    171
0.0948169    155
0.0891919    121
0.109933    198
0.097259    169
0.0958021    157
0.103925    131
0.0874419    196
0.096066    137
0.102057    157
0.10724    139
0.0864489    200
0.0927892    153
0.100023    152
0.0692139    176
0.0797939    158
0.100821    188
0.088908    139
0.0903189    143
0.0979779    157
0.0831389    181
0.0852211    146
0.102929    160
0.099556    177
0.0976441    187
0.0936148    170
0.0972061    196
0.088156    162
0.063906    136
0.08746    179
0.0964971    174
0.0953062    145
0.102062    156
0.0934091    188
0.0903718    139
0.0796411    188
0.128655    189
0.09498    164
0.105444    184
0.091635    151
0.099684    154
0.0779889    139
0.102475    156
0.0971951    146
0.0917311    180
0.0927072    180
0.101318    133
0.0702949    156
0.0946319    139
0.096144    158
0.0898671    197
0.0974669    166
0.0981719    135
0.100418    175
0.0987599    143
0.082972    147
0.096988    138
0.10669    149
0.097383    172
0.0796559    185
0.100135    165
0.104029    144
0.0941882    179
0.0943561    160
0.114466    144
0.0910959    147
0.081877    158
0.0875101    156
0.06971    194
0.086889    182
0.0837131    152
0.104366    150
0.099324    177
0.112459    162
0.11075    153
0.1317    203
0.0891531    175
0.0554678    119
0.0683889    161
0.106563    165
0.10225    173
0.0943019    218
0.105067    179
0.0982692    170
0.0858281    156
0.086514    169
0.102144    167
0.071985    135
0.0555329    177
0.092026    187
0.106813    162
0.100842    148
0.0921419    190
0.0923121    176
0.0772319    190
0.0771248    190
0.0996988    174
0.105799    187
0.0989468    199
0.094882    159
0.0645149    184
0.097043    156
0.102745    188
0.109223    149
0.077805    154
0.0785201    146
0.0831709    159
0.0791011    176
0.083688    161
0.0771399    131
0.079355    159
0.0773151    191
0.0837829    171
0.079536    156
0.078388    142
0.0967519    156
0.155032    164
0.102804    152
0.0895469    161
0.109946    169
0.0854142    157
0.0991309    158
0.0927799    153
0.070694    148
0.0621231    156
0.093442    231
0.109627    181
0.100662    142
0.0890851    176
0.0817101    154
0.067821    176
0.090343    123
0.0978119    180
0.0921731    127
0.0778971    170
0.077296    189
0.0857019    165
0.078429    138
0.0807979    148
0.0804832    176
0.0795    178
0.0764492    132
0.0934398    163
0.100555    166
0.090553    200
0.0773051    153
0.0786669    187
0.0785539    154
0.078407    174
0.078058    124
0.077528    135
0.0833001    179
0.0769031    122
0.0602779    159
0.0768628    190
0.0775149    191
0.0827899    157
0.0778282    159
0.077853    176
0.0882778    171
0.0969641    202
0.0853021    173
0.0801179    153
0.076983    164
0.0783532    148
0.0773742    192
0.0767751    175
0.088892    164
0.0770121    185
0.0658059    235
0.0808399    180
0.076385    167
0.0897741    149
0.0790789    147
0.0782599    153
0.082773    156
0.100796    138
0.06653    178
0.089483    154
0.0967579    134
0.10085    164
0.0934219    149
0.0785372    139
0.085587    174
0.0554142    184
0.0767729    154
0.0899498    163
0.100223    152
0.0913122    188
0.0790689    207
0.0874581    186
0.0902479    143
0.091671    164
0.090878    171
0.0959151    150
0.087342    156
0.0905211    164
0.0771191    134
0.0921772    181
0.089756    183
0.106475    170
0.0811899    135
0.077122    164
0.09425    138
0.108328    182
0.097054    144
0.0906999    131
0.0927918    184
0.088716    170
0.0872271    168
0.094095    141
0.0960951    182
0.070035    171
0.0987852    172
