Graph Name: CollegeMsg.txt
Motif Name: Bi-Fan.txt
Delta Value: 3200

TIME        NUMBER OF MOTIFS 
0.123177    8489
0.0792582    0
0.079706    1
0.0807388    1
0.082731    3
0.0792961    3
0.0792701    2
0.079756    1
0.0834961    2
0.0810969    5
0.0811992    3
0.0784721    7
0.080164    6
0.09391    2
0.085021    2
0.079212    4
0.0746942    4
0.0937791    4
0.0606649    1
0.0661561    0
0.0992029    2
0.0784371    4
0.038255    0
0.0916579    2
0.092556    1
0.150428    1
0.11018    1
0.0837462    2
0.10235    5
0.0807569    5
0.0794859    4
0.079756    4
0.0801389    3
0.11678    0
0.0851991    3
0.109195    3
0.082031    2
0.0796809    4
0.101932    4
0.108729    3
0.115205    0
0.081079    1
0.0801511    1
0.09009    2
0.0791612    2
0.0814831    1
0.078774    2
0.114529    2
0.105373    3
0.0910718    4
0.0797338    0
0.0803459    3
0.0808611    1
0.0824499    3
0.148109    3
0.104069    1
0.0813129    5
0.107454    1
0.080945    0
0.078907    2
0.0802481    3
0.0789969    3
0.110939    3
0.0859902    0
0.092963    3
0.082135    2
0.0787649    0
0.085031    1
0.105774    2
0.112626    6
0.078738    1
0.0792201    0
0.102433    3
0.0883958    2
0.102021    0
0.0786579    4
0.113982    2
0.087322    1
0.102515    1
0.0830629    2
0.079215    1
0.0849061    3
0.0796719    3
0.14255    1
0.104443    3
0.0847571    3
0.0866978    1
0.083153    3
0.078948    3
0.083369    2
0.140745    3
0.0919299    2
0.0785758    4
0.0855541    9
0.089076    2
0.094574    2
0.092397    1
0.079246    2
0.0917261    3
0.079109    4
0.0811899    5
0.0925379    4
0.090075    2
0.100577    0
0.0806439    2
0.109802    3
0.0904658    2
0.102406    1
0.103262    3
0.078954    3
0.08042    2
0.0827758    3
0.112493    4
0.0923679    0
0.0796669    1
0.0791371    0
0.089165    2
0.102898    2
0.0919189    1
0.104952    5
0.103264    2
0.080312    3
0.0792789    3
0.080416    4
0.0804372    0
0.0794239    5
0.0789728    1
0.081279    2
0.0981641    1
0.101288    1
0.0944641    3
0.0797851    2
0.080565    3
0.0808489    4
0.10694    2
0.0916109    2
0.079407    3
0.0784249    0
0.0788629    0
0.0797839    2
0.0786929    2
0.0931351    0
0.0795031    3
0.106353    2
0.0809729    2
0.0995128    1
0.0804801    4
0.0794981    5
0.081425    3
0.0792499    2
0.0788121    4
0.0795469    4
0.0783808    2
0.078727    0
0.0851462    0
0.104958    3
0.144384    3
0.079556    4
0.078768    5
0.0835788    1
0.0788682    5
0.0790169    2
0.0879931    5
0.0980301    1
0.101522    2
0.0786891    1
0.0791111    0
0.0908158    5
0.089381    6
0.0991561    6
0.084621    2
0.0982001    1
0.0844579    0
0.102669    0
0.0992761    2
0.078455    2
0.0789559    3
0.0798709    2
0.116378    1
0.0928161    3
0.0788441    3
0.0792632    8
0.0966899    6
0.104011    0
0.0909858    5
0.115358    2
0.104716    1
0.104017    6
0.0814099    4
0.078692    4
0.0797679    6
0.078692    1
0.143222    2
0.078723    4
0.0938599    2
0.082268    1
0.103411    1
0.083744    1
0.0791919    0
0.0790372    4
0.0838289    4
0.078649    1
0.0947731    5
0.093719    1
0.104178    1
0.0797899    2
0.0807002    3
0.096771    2
0.0875151    2
0.084038    3
0.088805    1
0.0942049    1
0.093163    4
0.078841    5
0.143027    2
0.085326    1
0.105112    5
0.0838618    2
0.091542    1
0.0795569    3
0.079196    5
0.09217    3
0.0942199    2
0.0874281    2
0.0873718    4
0.0946929    4
0.106796    2
0.0976379    1
0.0973768    1
0.0981851    0
0.085362    2
0.0948    2
0.080611    0
0.0804229    4
0.0850618    6
0.129503    3
0.090307    3
0.094943    4
0.0861921    5
0.07885    4
0.084718    1
0.0845661    3
0.1147    1
0.079107    0
0.090857    1
0.0982301    6
0.103588    6
0.087476    1
0.088155    1
0.142698    3
0.103718    3
0.0787311    3
0.0952289    1
0.106684    0
0.0881259    0
0.0876598    1
0.146728    2
0.097163    2
0.080132    3
0.0825591    1
0.0798521    5
0.0880179    2
0.085808    8
0.097291    1
0.0967982    0
0.096566    0
0.112241    1
0.0856211    3
0.101951    7
0.089468    2
0.145125    0
0.103996    2
0.0945389    4
0.0981178    0
0.0805671    1
0.104462    2
0.079278    1
0.12719    1
0.103477    2
0.0903249    2
0.0898101    1
0.098762    2
0.087692    3
0.0785379    7
0.154915    1
0.0962689    3
0.078759    1
0.0786469    3
0.078975    3
0.103491    4
0.0914941    0
0.099791    1
0.0856569    0
0.0793939    3
0.08917    4
0.0844491    3
0.106488    2
0.0838852    0
0.0790079    2
0.116815    2
0.088167    2
0.09164    1
0.078546    0
0.0806999    2
0.08182    3
0.0787799    6
0.144812    0
0.100695    3
0.084424    2
0.0947978    8
0.085448    2
0.105006    4
0.079879    5
0.113916    2
0.089263    1
0.0974531    2
0.081881    2
0.0959859    5
0.103996    4
0.079927    10
0.096792    2
0.0814052    1
0.107596    2
0.0941119    4
0.08711    4
0.117975    0
0.151487    4
0.118875    0
0.104325    1
0.08076    1
0.099314    3
0.0871761    1
0.096632    2
0.084928    3
0.079071    2
0.0873759    1
0.096143    1
0.0926478    3
0.094836    1
0.103104    3
0.122021    5
0.088881    1
0.094095    4
0.090678    3
0.079607    2
0.0789289    2
0.0866702    4
0.0796549    2
0.0786781    1
0.078635    2
0.0794439    0
0.087945    1
0.101528    3
0.095834    1
0.118045    0
0.0941069    2
0.0917699    0
0.0838611    4
0.099257    1
0.0884809    3
0.091197    4
0.118614    3
0.102453    1
0.0955248    1
0.0899639    1
0.0982652    3
0.110885    2
0.133007    1
0.0972669    1
0.105211    4
0.101609    3
0.108812    4
0.093637    1
0.0787861    5
0.1425    2
0.113119    5
0.093302    2
0.061671    1
0.0909481    2
0.0986469    1
0.0799789    1
0.135855    4
0.0905571    0
0.08763    4
0.0971241    2
0.0852292    1
0.10849    0
0.078712    2
0.11438    0
0.0814478    3
0.0889781    3
0.0787621    3
0.0803308    3
0.0787501    1
0.079308    1
0.088434    5
0.078748    3
0.104169    3
0.079792    2
0.079144    1
0.102289    4
0.107107    5
0.086581    3
0.090868    4
0.089474    1
0.097647    6
0.080205    1
0.09091    2
0.094914    4
0.148995    3
0.100752    1
0.086153    2
0.0861361    1
0.084265    3
0.0786209    1
0.0791268    6
0.0800841    0
0.080667    3
0.0788801    1
0.105974    1
0.108193    2
0.0869222    3
0.07868    4
0.0845449    1
0.0992041    4
0.085228    2
0.103176    2
0.0795112    2
0.093293    3
0.085547    3
0.0858731    3
0.090637    0
0.0807841    2
0.0845749    2
0.0790832    2
0.0975878    4
0.109516    1
0.093575    4
0.079149    5
0.0796292    2
0.0958171    4
0.102995    1
0.100271    0
0.0788782    2
0.0876451    3
0.079042    0
0.0795879    0
0.0950592    4
0.0854158    2
0.10249    3
0.07881    5
0.0789311    2
0.105407    2
0.0935249    5
0.089515    1
0.0784869    1
0.0893588    5
0.0933468    4
0.104037    0
0.080173    1
0.0788729    0
0.0911179    3
0.082777    5
0.093966    2
0.0977571    4
0.150297    2
0.111299    0
0.0790291    8
0.078424    2
0.080492    9
0.0889828    3
0.0983179    2
0.138541    3
0.0988438    7
0.10551    3
0.0993578    3
0.079195    5
0.096395    0
0.090282    6
0.106045    0
0.0812259    0
0.0908899    1
0.110279    3
0.081707    2
0.078676    5
0.078635    2
0.150592    5
0.095299    2
0.105051    1
0.0902739    0
0.0912459    5
0.105439    1
0.0791628    3
0.0797698    4
0.0794308    1
0.0998449    0
0.0937982    1
0.102024    3
0.080688    2
0.0791888    4
0.112453    4
