Graph Name: CollegeMsg.txt
Motif Name: M-1-6.txt
Delta Value: 3200

TIME        NUMBER OF MOTIFS 
0.096858    165335
0.096705    143
0.0870349    146
0.091105    198
0.0771239    185
0.0989692    109
0.093147    153
0.091675    140
0.100759    147
0.138412    142
0.076638    131
0.0770781    170
0.081799    128
0.0909369    151
0.0959551    156
0.102412    138
0.0957589    147
0.101543    159
0.0998631    155
0.105937    154
0.0892179    168
0.0860689    129
0.092355    123
0.0972459    134
0.0869031    193
0.0874751    143
0.082186    148
0.084856    122
0.0878179    149
0.093508    152
0.119165    148
0.11234    142
0.0804241    188
0.0901899    151
0.078516    147
0.0771072    186
0.0994251    143
0.0897551    169
0.105733    162
0.0794132    155
0.0898108    163
0.0950952    167
0.092905    142
0.0845981    133
0.0965049    127
0.0800841    147
0.0998321    136
0.0775089    123
0.0933139    165
0.100173    138
0.0891321    133
0.076987    151
0.099442    138
0.104339    165
0.0925789    128
0.0984268    127
0.079716    197
0.0949659    166
0.165272    136
0.0869911    165
0.079103    171
0.0861981    150
0.078728    139
0.0764911    117
0.0780489    187
0.0866451    163
0.108219    127
0.106899    129
0.0978589    125
0.099755    150
0.099678    135
0.0773261    153
0.150491    133
0.104506    171
0.0912061    164
0.0821562    129
0.105516    172
0.0941169    133
0.0773311    146
0.101317    150
0.0843139    134
0.090596    160
0.0877151    143
0.106428    128
0.0881758    130
0.0767901    143
0.106249    146
0.095082    155
0.109489    170
0.0774119    154
0.0779829    143
0.0771339    161
0.0779569    163
0.156504    149
0.0928199    150
0.0881009    151
0.0811939    212
0.0771382    127
0.090831    158
0.10035    155
0.128535    210
0.10514    136
0.084758    140
0.088068    132
0.0857239    146
0.090276    124
0.0770721    152
0.083535    183
0.101647    185
0.0885279    141
0.0997539    159
0.0829968    187
0.0763199    170
0.077297    147
0.0779049    131
0.089422    161
0.0971589    131
0.106083    128
0.0779779    149
0.0769789    119
0.0992248    131
0.0927958    136
0.094825    141
0.0777681    149
0.0826659    148
0.0767112    190
0.080267    111
0.0901382    148
0.0766549    122
0.152094    147
0.099169    123
0.0988941    153
0.101959    152
0.109998    163
0.099637    134
0.12281    125
0.096298    165
0.0946651    139
0.104494    168
0.097837    166
0.092432    150
0.093643    125
0.0878201    165
0.108204    133
0.0936921    136
0.107104    151
0.0882699    143
0.103151    150
0.111168    135
0.101213    126
0.0979731    169
0.0954099    165
0.090848    139
0.0914071    142
0.177384    150
0.0891311    165
0.077214    142
0.0897911    150
0.090405    142
0.09689    127
0.0953591    132
0.103848    141
0.078166    140
0.0922959    155
0.0992601    181
0.0999861    132
0.0774829    152
0.082    142
0.0849552    147
0.111631    123
0.0898271    185
0.082267    148
0.086658    154
0.0769348    154
0.0845158    139
0.0796971    150
0.108761    168
0.0913129    185
0.0937419    170
0.092504    156
0.0972888    143
0.083755    142
0.0773149    130
0.097276    147
0.08371    162
0.0835452    226
0.0923228    133
0.0999789    152
0.0858438    164
0.0777261    184
0.105225    153
0.0947981    173
0.112962    160
0.0770609    140
0.0767221    143
0.076962    142
0.0779629    175
0.138143    143
0.077657    153
0.076663    109
0.104218    125
0.0883479    116
0.0799949    157
0.078624    131
0.0775249    135
0.0946898    150
0.103134    151
0.096091    125
0.0969479    127
0.0866022    140
0.09834    136
0.116143    146
0.103962    147
0.0785499    125
0.0886829    128
0.0765841    149
0.0772381    142
0.104887    159
0.080513    137
0.109726    139
0.099921    145
0.0907671    144
0.0986619    140
0.102272    151
0.102684    139
0.120853    138
0.088218    163
0.0791202    152
0.0844231    137
0.077852    137
0.0772839    152
0.083138    176
0.0775659    128
0.10916    148
0.093935    127
0.078336    152
0.0812979    140
0.0771289    180
0.0778921    154
0.088104    169
0.0768139    141
0.0964029    133
0.108997    190
0.100712    156
0.0853701    144
0.0950191    158
0.094347    150
0.158493    131
0.0868101    105
0.077251    141
0.087606    164
0.077276    149
0.0775502    180
0.077518    164
0.0821011    156
0.152834    154
0.0876291    154
0.0868449    147
0.089541    123
0.111854    130
0.0842319    133
0.0773871    129
0.15067    178
0.087796    119
0.0997291    158
0.105907    178
0.10545    178
0.0991158    178
0.0766819    172
0.09147    135
0.087934    122
0.0788021    165
0.0769048    139
0.0786021    135
0.0921259    156
0.090663    136
0.108551    162
0.0957119    168
0.0950229    138
0.098175    172
0.0812409    134
0.0865419    131
0.161742    113
0.0925291    162
0.0964661    124
0.0770321    139
0.0905359    158
0.085721    134
0.088865    135
0.111697    159
0.0973358    158
0.0979121    185
0.105869    163
0.0837371    181
0.0987079    145
0.155358    141
0.0946109    185
0.0765681    125
0.088937    121
0.0796719    133
0.077662    136
0.080688    143
0.0768209    151
0.101041    142
0.105675    114
0.0917039    134
0.100865    142
0.084801    141
0.078732    144
0.0854168    138
0.153778    134
0.098582    188
0.085454    158
0.099895    130
0.0974429    140
0.084285    141
0.0921729    149
0.10028    153
0.102071    120
0.0824051    168
0.085392    144
0.0768652    135
0.0864191    155
0.0867732    120
0.106937    140
0.089721    113
0.0829189    156
0.077332    153
0.100359    152
0.09835    141
0.0864449    156
0.0944731    174
0.0820889    165
0.102281    169
0.0827949    129
0.0770469    154
0.0778451    156
0.0771589    112
0.0791709    156
0.081311    158
0.0878961    163
0.0914581    151
0.101371    154
0.0783629    165
0.105384    153
0.0779362    152
0.078063    139
0.09867    196
0.106503    132
0.088598    163
0.0989201    159
0.106954    129
0.114976    152
0.0772371    147
0.0873408    161
0.1043    153
0.107927    152
0.07798    169
0.0925171    161
0.103618    136
0.102651    149
0.10013    161
0.092171    95
0.0961108    150
0.110868    192
0.100982    121
0.078419    129
0.0790269    139
0.0774519    158
0.088551    123
0.0946219    177
0.0792751    129
0.0773449    164
0.0785069    126
0.07742    140
0.077497    139
0.0842509    163
0.0773849    146
0.076648    148
0.100593    154
0.0766261    170
0.1074    183
0.101796    127
0.093173    162
0.0771718    173
0.0777948    143
0.0862491    148
0.106619    157
0.104866    141
0.101497    152
0.0869291    134
0.083281    168
0.0768151    177
0.122367    156
0.108471    146
0.0906382    128
0.103316    115
0.104592    141
0.10366    149
0.154694    166
0.103388    160
0.093353    134
0.086668    200
0.092628    150
0.102983    157
0.0779059    143
0.14671    149
0.077024    163
0.076582    153
0.0871031    146
0.0768709    176
0.078073    119
0.07866    145
0.0778742    180
0.111505    150
0.0977271    141
0.098357    143
0.0920131    138
0.0834551    132
0.07845    147
0.0959032    125
0.118237    145
0.108914    145
0.076849    138
0.078774    176
0.08553    128
0.0856841    122
0.0905399    126
0.152257    161
0.0911081    160
0.083797    157
0.092587    129
0.101858    178
0.0820479    181
0.0812759    173
0.0955291    144
0.0996499    123
0.0800979    170
0.0766981    163
0.100615    149
0.0908809    140
0.08499    135
0.0820079    149
0.082572    144
0.0800688    136
0.0776761    127
0.105645    158
0.09255    165
0.0931439    155
0.106697    171
0.094718    149
0.109756    136
0.099803    158
0.098228    122
0.107723    146
0.100075    150
0.0967081    129
0.0881829    145
0.0773261    125
0.0816212    135
0.077492    157
0.077044    155
0.127648    166
0.076308    141
0.0777059    185
0.102259    143
0.0918789    139
0.08935    167
0.099884    129
0.130118    143
0.101843    175
0.099829    130
0.0851219    174
0.0920382    162
0.100248    143
0.107558    147
0.0897541    158
0.0973389    161
0.0955431    137
0.0966849    145
0.106351    160
0.102315    182
0.102699    133
0.078963    165
0.0769608    179
0.0792251    129
0.0866392    174
0.0798719    177
0.085145    179
0.149598    223
0.079915    139
0.096417    146
0.100554    150
0.101017    137
0.080359    153
0.0886111    140
0.111618    181
0.098933    168
0.0810509    147
0.0786059    141
0.0833919    145
