Graph Name: CollegeMsg.txt
Motif Name: M-5-3.txt
Delta Value: 3200

TIME        NUMBER OF MOTIFS 
0.157491    100482
0.107962    154
0.083498    170
0.083914    147
0.105359    91
0.105048    175
0.0944412    187
0.118058    136
0.103644    199
0.115164    153
0.114798    191
0.113621    166
0.109109    149
0.0881112    147
0.100309    160
0.0819712    170
0.0823829    160
0.100249    154
0.140371    211
0.103533    131
0.083998    190
0.0839772    194
0.0831511    172
0.082509    136
0.095758    182
0.0948739    101
0.0828929    215
0.194067    185
0.10464    175
0.0935559    141
0.0988989    187
0.106607    146
0.112892    129
0.188987    159
0.124635    118
0.114887    162
0.083777    156
0.082427    147
0.115935    174
0.104399    126
0.115857    150
0.0855601    144
0.121705    148
0.112087    140
0.0940778    168
0.110921    179
0.10381    153
0.123431    162
0.104986    172
0.113447    173
0.118219    170
0.093015    148
0.082427    142
0.17514    166
0.0834749    157
0.082581    145
0.113366    132
0.118006    151
0.117927    165
0.082926    178
0.131313    165
0.111099    166
0.105819    131
0.084759    171
0.0844491    157
0.11066    142
0.114095    161
0.113314    175
0.101374    143
0.097621    167
0.120271    158
0.0951591    151
0.083591    215
0.122072    121
0.101936    162
0.082289    135
0.0810981    161
0.0903349    133
0.0832741    148
0.0949738    146
0.136038    140
0.116318    139
0.145329    148
0.111381    173
0.105773    172
0.104691    159
0.119319    152
0.112381    114
0.0843039    170
0.0842159    166
0.11373    146
0.116863    180
0.15991    179
0.113276    139
0.086493    149
0.112761    171
0.11573    180
0.117919    148
0.17267    162
0.100555    167
0.0975139    195
0.110915    118
0.103215    178
0.11885    129
0.172742    139
0.0868008    130
0.0824199    151
0.107291    162
0.09446    169
0.122122    171
0.0822499    160
0.183415    182
0.092452    155
0.0816741    186
0.108664    157
0.097187    125
0.096256    183
0.094321    181
0.120053    158
0.113021    169
0.0998962    136
0.0812459    155
0.082036    145
0.113682    170
0.0961852    177
0.102689    176
0.111749    192
0.0946431    174
0.102657    162
0.0971739    160
0.0824749    135
0.0830321    150
0.104021    151
0.114048    148
0.134926    170
0.0950551    163
0.106555    162
0.115959    153
0.116929    172
0.116178    167
0.103459    137
0.117992    162
0.088932    142
0.112162    182
0.102446    133
0.0822179    182
0.082222    173
0.118965    133
0.102911    158
0.104025    116
0.112221    151
0.097265    155
0.117225    236
0.082768    151
0.082684    118
0.0932789    172
0.0825329    198
0.0826061    167
0.084316    168
0.083843    154
0.0826499    171
0.106071    161
0.1115    142
0.0951941    148
0.0837781    156
0.083946    162
0.110237    203
0.0905302    151
0.09477    176
0.104872    148
0.128299    133
0.106119    157
0.102465    147
0.122893    186
0.132023    176
0.0828879    132
0.112343    149
0.110378    161
0.119062    145
0.110565    145
0.0999868    179
0.115259    149
0.112942    189
0.0841939    131
0.0925851    161
0.092921    164
0.0903108    125
0.110839    163
0.195161    145
0.11773    164
0.0837221    154
0.0841501    155
0.097017    166
0.0964239    155
0.10444    205
0.119567    177
0.095916    147
0.0820041    172
0.0851371    177
0.084692    157
0.0836051    174
0.096247    138
0.0990751    170
0.103869    167
0.110441    158
0.107328    139
0.117703    138
0.107578    136
0.101348    119
0.111405    166
0.120403    148
0.0878329    148
0.082845    161
0.106942    158
0.122852    147
0.170157    141
0.11408    162
0.0963531    165
0.10382    197
0.08377    125
0.089417    152
0.083791    146
0.12026    166
0.118539    180
0.113093    156
0.108721    151
0.100184    152
0.116203    143
0.131641    200
0.105373    159
0.0823159    132
0.116157    159
0.11828    163
0.104389    156
0.10209    176
0.103651    149
0.112132    163
0.0959599    152
0.0832319    133
0.0829499    153
0.115274    167
0.177746    151
0.0963202    136
0.0899601    125
0.105168    213
0.0930161    157
0.0969381    192
0.0951159    151
0.101448    185
0.0828938    167
0.09003    155
0.088908    156
0.094157    185
0.115035    176
0.125166    146
0.119798    186
0.099426    180
0.110186    167
0.095542    151
0.120222    147
0.107754    170
0.100616    163
0.0842781    157
0.0822039    165
0.117996    182
0.106984    112
0.105319    111
0.085526    147
0.085042    156
0.0832    143
0.082345    217
0.0936301    168
0.083602    171
0.082854    144
0.185066    183
0.11607    218
0.111459    183
0.102357    157
0.111418    160
0.123229    150
0.17223    195
0.0830529    145
0.080879    144
0.118563    127
0.108415    152
0.115794    156
0.0890138    135
0.117451    127
0.112617    146
0.0960691    152
0.083142    150
0.0822821    139
0.108937    186
0.115949    164
0.103624    158
0.103959    163
0.099525    160
0.111711    134
0.113962    149
0.133011    138
0.115903    168
0.081898    185
0.083698    138
0.118126    184
0.0958478    174
0.114311    203
0.11926    136
0.117715    179
0.094892    183
0.0961249    204
0.0816979    159
0.0903969    186
0.0988588    180
0.0979309    188
0.114246    179
0.11275    179
0.103066    118
0.135832    122
0.108971    164
0.119192    148
0.103856    161
0.129232    162
0.0919971    188
0.0851269    162
0.0822651    145
0.122282    197
0.105571    150
0.104114    152
0.0971301    170
0.104805    151
0.129366    161
0.0831549    146
0.111198    151
0.113232    153
0.099741    161
0.0831079    122
0.0835409    145
0.114919    196
0.0825021    161
0.110063    154
0.109406    174
0.114012    172
0.085454    175
0.0856819    141
0.0833399    187
0.085685    186
0.082983    140
0.0824461    142
0.121238    128
0.116605    174
0.132528    161
0.083925    157
0.125239    198
0.106166    189
0.10796    168
0.089767    173
0.0828919    134
0.097728    187
0.141694    181
0.107204    176
0.092797    147
0.084904    172
0.091316    146
0.0827219    152
0.082936    156
0.086436    195
0.109423    128
0.089529    200
0.0955009    159
0.101493    135
0.089674    175
0.0824301    136
0.155013    158
0.0811732    156
0.082267    168
0.108622    168
0.0830379    193
0.100772    146
0.106406    190
0.186763    156
0.133862    215
0.0821791    177
0.0832329    155
0.110245    161
0.115287    132
0.13345    122
0.084167    158
0.082792    155
0.0883908    124
0.114685    156
0.100775    141
0.107261    150
0.170571    152
0.119361    169
0.082958    160
0.0850971    173
0.084203    148
0.083353    192
0.113118    140
0.187901    143
0.10003    134
0.0857902    152
0.0862379    148
0.10211    160
0.099164    160
0.0916231    179
0.129142    149
0.105381    187
0.081574    140
0.0817761    143
0.0934081    158
0.100706    168
0.105972    169
0.11765    162
0.084887    138
0.082335    121
0.0995231    145
0.105504    120
0.106411    151
0.142769    209
0.101107    174
0.0826349    146
0.0991089    134
0.114729    155
0.105813    194
0.101615    178
0.119039    199
0.114047    177
0.0833941    137
0.0827429    143
0.119392    170
0.116272    205
0.092474    164
0.083797    155
0.084964    161
0.0825779    186
0.0825272    162
0.11161    201
0.114662    147
0.104215    179
0.082237    162
0.0840149    137
0.0816882    152
0.0833709    137
0.0977931    138
0.111066    171
0.099622    167
0.0851371    150
0.084193    135
0.0856559    159
0.0835261    134
0.088738    188
0.0861192    116
0.082845    168
0.127442    159
0.112164    175
0.092818    143
0.0822759    207
0.0834081    148
0.0968499    159
0.0823009    166
0.115714    163
0.104442    158
0.12479    152
0.082284    143
0.0846119    135
0.105344    188
0.196087    142
0.102533    159
0.0827241    150
0.0837541    166
0.100215    156
0.082181    151
0.0838242    114
0.103985    158
0.0836289    132
0.0821419    130
0.194542    161
0.109782    186
0.128239    155
0.084136    146
0.0889161    175
0.109246    148
0.123474    137
0.106526    146
0.085659    137
0.10185    147
0.196426    132
0.106519    172
0.105111    155
0.104397    159
0.0844729    168
0.091176    176
0.099566    167
0.111214    135
0.11931    145
0.082191    146
0.08619    131
0.0935612    174
0.083015    107
0.08251    179
