Graph Name: CollegeMsg.txt
Motif Name: M-1-4.txt
Delta Value: 3200

TIME        NUMBER OF MOTIFS 
0.083977    1879
0.0901201    8
0.08023    12
0.100485    8
0.109692    6
0.121685    3
0.085685    7
0.091697    4
0.168314    9
0.120458    4
0.0873711    7
0.080596    1
0.0831239    5
0.08746    10
0.0806289    12
0.0972259    9
0.111213    4
0.0848641    5
0.0981929    5
0.109975    3
0.106008    2
0.0787332    9
0.158951    3
0.10054    0
0.0931239    11
0.0791881    6
0.0864289    9
0.100221    3
0.0909328    11
0.108227    12
0.086169    13
0.079247    5
0.079139    9
0.0850842    10
0.0799758    6
0.0803459    8
0.107372    5
0.096087    7
0.090874    7
0.079993    7
0.082334    8
0.0886209    8
0.0951951    6
0.116116    6
0.0875819    7
0.0786679    7
0.098129    3
0.104703    3
0.0997629    5
0.0784271    5
0.0846179    11
0.111905    4
0.0949891    1
0.108014    2
0.0800951    5
0.087235    7
0.080528    3
0.100905    6
0.0950489    5
0.079788    4
0.0809429    7
0.0789549    6
0.098377    14
0.0849261    4
0.154105    8
0.114558    8
0.080303    4
0.0800719    5
0.084547    8
0.0788641    8
0.0797679    4
0.0813389    7
0.079355    8
0.103467    10
0.102634    2
0.105789    6
0.0787611    7
0.0797031    9
0.104857    1
0.0988281    8
0.085113    10
0.084172    6
0.081146    5
0.105083    3
0.118831    4
0.110486    4
0.0894558    12
0.0833209    5
0.098309    12
0.113425    5
0.108723    9
0.081387    9
0.0987449    10
0.0988052    4
0.110055    6
0.098814    11
0.0788941    11
0.0841172    4
0.080333    14
0.0797868    10
0.0807321    10
0.100979    8
0.0786071    6
0.0859048    4
0.095243    9
0.102683    3
0.102337    9
0.0840311    1
0.0809369    11
0.111894    3
0.0998399    6
0.105801    17
0.094058    1
0.091269    7
0.0790281    9
0.084954    7
0.0792668    5
0.0802572    15
0.0866032    13
0.0905511    8
0.106961    9
0.088115    2
0.079823    3
0.105059    5
0.107914    9
0.106811    3
0.0788589    5
0.0814929    8
0.081743    3
0.081388    9
0.0981982    5
0.102715    10
0.100214    5
0.0790579    4
0.101914    6
0.10795    12
0.098917    10
0.0988791    8
0.0922911    9
0.0819161    8
0.0978608    3
0.0787599    8
0.0941949    3
0.105628    4
0.0852959    7
0.0787868    10
0.0919018    10
0.0975149    17
0.102759    3
0.0999291    9
0.0881591    12
0.0785439    9
0.0915549    8
0.0976322    7
0.166241    4
0.095933    8
0.0784891    5
0.102516    6
0.0933619    7
0.105277    5
0.0786791    0
0.080231    8
0.0810249    9
0.0873401    2
0.102668    7
0.0911369    7
0.07936    8
0.080514    9
0.08641    3
0.0785589    14
0.0877552    9
0.0802801    9
0.078455    3
0.0820642    3
0.079495    8
0.078522    8
0.154442    11
0.079808    9
0.084728    11
0.0859859    2
0.0790339    8
0.0794501    7
0.0844212    5
0.0786831    13
0.125227    5
0.095365    3
0.115078    5
0.09196    5
0.10241    4
0.097784    7
0.11357    6
0.0876732    10
0.0949631    4
0.107469    6
0.094105    0
0.0805771    8
0.108711    3
0.0966902    10
0.0932069    4
0.0846651    1
0.0845909    11
0.0841949    9
0.102452    5
0.129598    10
0.099458    9
0.078943    9
0.095968    10
0.0995209    1
0.084825    6
0.0791209    7
0.0947161    4
0.103178    8
0.0889771    6
0.0944009    3
0.09688    9
0.0870101    6
0.0983579    3
0.106958    4
0.087913    6
0.0777688    4
0.078485    2
0.087539    9
0.0799561    6
0.088218    9
0.118689    10
0.0958571    6
0.0785902    8
0.0959291    2
0.0918269    5
0.084516    6
0.088196    7
0.119724    5
0.078675    5
0.080225    5
0.0823119    8
0.0853651    4
0.0794029    5
0.079344    8
0.0969501    5
0.111246    5
0.109381    6
0.0799119    8
0.0928559    5
0.118983    5
0.109179    6
0.158022    4
0.109719    8
0.0956359    1
0.0872278    7
0.079735    8
0.0869441    9
0.0873749    4
0.106546    7
0.105953    10
0.079601    6
0.118139    7
0.0987329    6
0.109805    8
0.120212    7
0.0793021    6
0.100912    6
0.102711    8
0.0998561    9
0.0986929    11
0.10915    4
0.107258    10
0.081995    12
0.0787361    6
0.0816829    5
0.0908711    3
0.082222    2
0.0804329    3
0.116408    8
0.0803502    4
0.107814    7
0.108563    5
0.107846    7
0.102631    11
0.0994439    5
0.112471    9
0.078824    7
0.079499    8
0.078527    1
0.080317    6
0.0794671    3
0.078089    10
0.170284    8
0.104065    11
0.10707    4
0.0913069    12
0.090836    5
0.11317    6
0.0818801    4
0.0979412    11
0.0844662    5
0.111008    8
0.08446    9
0.0787151    7
0.080009    8
0.07885    6
0.099375    4
0.10147    5
0.100452    7
0.0796392    11
0.0786538    12
0.0812001    12
0.0787339    9
0.079313    9
0.152809    9
0.0809879    11
0.088377    6
0.105129    8
0.114852    8
0.0794718    5
0.0782619    7
0.147049    4
0.100166    10
0.097743    9
0.0791199    6
0.095078    8
0.0830591    9
0.0789049    6
0.082114    2
0.0784371    4
0.0802441    12
0.0988729    12
0.0947371    8
0.105927    8
0.0802901    6
0.079335    8
0.079037    4
0.0823731    8
0.104776    8
0.0983179    6
0.0941281    6
0.0795119    7
0.078537    12
0.07988    3
0.0812318    5
0.0858381    2
0.0937881    6
0.0889678    11
0.0883231    11
0.078747    9
0.108183    15
0.102642    6
0.111485    9
0.102327    3
0.0915191    4
0.103685    13
0.095396    7
0.089004    4
0.0785398    9
0.101219    11
0.105911    5
0.0979619    6
0.091496    7
0.114018    12
0.113833    9
0.106067    4
0.098732    5
0.096849    8
0.0931652    4
0.128762    9
0.109446    9
0.0951791    4
0.0854039    6
0.0943401    4
0.0811419    5
0.0801692    7
0.0793831    8
0.099695    3
0.112177    2
0.0849969    8
0.0790501    7
0.086906    5
0.087822    6
0.0887659    6
0.105072    11
0.102338    7
0.0926151    3
0.0867128    10
0.0960951    7
0.0804281    6
0.0870888    4
0.0836101    7
0.0788791    11
0.137064    3
0.0925801    6
0.0976779    6
0.104406    5
0.0894041    5
0.0788381    3
0.099704    8
0.118871    8
0.103948    10
0.0800939    12
0.0798581    7
0.0878029    2
0.078619    6
0.0794301    12
0.0915148    7
0.0930979    10
0.098685    12
0.0983598    7
0.078706    9
0.0800431    2
0.086417    2
0.088613    6
0.0918369    8
0.093704    4
0.10425    6
0.103879    9
0.078912    7
0.0792921    6
0.0788321    7
0.0917981    8
0.106942    12
0.113497    1
0.103187    5
0.0906379    7
0.104719    4
0.112667    7
0.0896451    7
0.0791402    10
0.0975361    16
0.111156    9
0.0997932    13
0.0786619    11
0.0961812    2
0.0847101    6
0.0784149    4
0.079489    6
0.0868249    9
0.0813961    6
0.0854609    3
0.078644    0
0.0792038    5
0.0802751    7
0.0787458    9
0.0999951    5
0.0915711    6
0.107294    16
0.0786309    4
0.08132    7
0.0811329    7
0.0778491    10
0.0962691    5
0.097923    9
0.0955338    7
0.0795572    5
0.112731    6
0.0998971    12
0.100809    5
0.0894449    10
0.080281    9
0.083014    5
0.0788    10
0.0800619    2
0.106713    8
0.0886288    7
0.105917    7
0.0801609    10
0.0807052    10
0.078655    10
0.080929    3
0.109686    4
0.100354    10
0.099946    8
0.0893111    11
0.0895929    2
0.109173    5
0.0955739    9
0.112931    5
0.098871    6
0.0917451    7
0.0973442    6
0.15017    5
0.0843401    8
0.0940552    14
0.0986018    4
0.099916    5
0.08443    17
0.086148    8
0.139751    11
0.07899    9
0.078819    6
0.088639    3
0.080734    7
0.079155    7
0.078567    11
0.078881    11
0.11139    2
0.0989242    7
0.101356    7
0.101855    8
0.099191    5
0.105959    5
0.116398    9
0.136046    7
0.11488    3
