Graph Name: CollegeMsg.txt
Motif Name: M-3-6.txt
Delta Value: 3200

TIME        NUMBER OF MOTIFS 
0.091074    2288
0.0858581    9
0.102861    6
0.128531    11
0.0857499    7
0.0805991    7
0.085268    5
0.0793159    3
0.097126    9
0.111711    3
0.0853572    4
0.078476    5
0.0789919    2
0.0849569    4
0.0893159    11
0.105192    12
0.0794899    8
0.0926559    4
0.104427    16
0.084955    10
0.0788541    10
0.0789549    8
0.0912139    9
0.114485    8
0.0983489    10
0.0834131    12
0.0797071    9
0.099493    7
0.090939    8
0.110805    12
0.0812631    10
0.0781379    4
0.0963252    6
0.0813739    8
0.0783691    9
0.08021    12
0.0956941    8
0.11071    7
0.100002    8
0.0825059    7
0.080961    6
0.101419    4
0.079215    7
0.093118    6
0.134977    6
0.0901139    9
0.0796299    8
0.0789781    11
0.0849299    4
0.0793998    6
0.0805271    11
0.165684    6
0.083919    5
0.0794952    7
0.0920351    7
0.0812361    3
0.0931439    5
0.093724    4
0.153024    12
0.08797    5
0.0788958    8
0.0878429    5
0.079504    11
0.0789111    2
0.0806031    8
0.0786591    12
0.12947    8
0.106413    5
0.0792439    9
0.080399    5
0.0795259    6
0.0787499    7
0.10736    10
0.0954552    2
0.09443    4
0.079988    6
0.0783291    14
0.091083    8
0.0812051    4
0.083065    9
0.078855    8
0.111389    3
0.0797341    5
0.0963469    8
0.112681    9
0.111801    12
0.0783901    3
0.0803559    4
0.136916    8
0.092557    12
0.10611    8
0.0784211    5
0.0785542    7
0.084713    2
0.0870569    12
0.110822    10
0.0852232    7
0.091619    4
0.0789199    5
0.0788691    7
0.0787549    15
0.107462    4
0.0872579    4
0.106277    5
0.078809    12
0.0783498    2
0.0805581    10
0.0796821    9
0.080075    6
0.0801809    5
0.142002    4
0.078352    7
0.0991161    8
0.0853231    3
0.112478    7
0.0796669    5
0.0932338    7
0.118304    9
0.086587    4
0.0777559    9
0.0947411    8
0.0987461    7
0.0786569    7
0.0789371    1
0.156322    8
0.096216    3
0.080951    7
0.0792279    7
0.091795    3
0.0932999    8
0.0932589    9
0.171988    11
0.086014    14
0.0789819    8
0.0889249    8
0.078485    9
0.0786941    8
0.08461    9
0.0790191    11
0.114636    7
0.095829    3
0.095916    8
0.111195    9
0.111773    6
0.0834842    6
0.090328    8
0.100126    12
0.081064    9
0.0874729    8
0.103257    19
0.0933909    11
0.0808759    10
0.110259    11
0.0912061    5
0.094666    3
0.094245    9
0.078079    2
0.0784669    5
0.0821779    7
0.0904899    7
0.108445    11
0.092819    4
0.0829182    6
0.0987999    10
0.0803449    10
0.0920558    13
0.185897    10
0.0798342    3
0.0786538    3
0.0853188    9
0.078604    11
0.0888801    11
0.094759    3
0.110785    10
0.091814    5
0.101756    5
0.11179    5
0.0837131    5
0.101922    9
0.0977769    8
0.12986    4
0.1119    8
0.090528    7
0.0787861    6
0.078778    3
0.0999229    7
0.093889    5
0.125324    6
0.0832078    5
0.078136    4
0.093837    8
0.078917    11
0.0790422    6
0.080282    6
0.0787592    6
0.109913    3
0.0924959    10
0.089653    6
0.0853    5
0.105704    7
0.100259    8
0.0786638    6
0.0802639    9
0.078516    11
0.0925539    9
0.0835969    3
0.0893869    6
0.0866771    6
0.0801961    5
0.116604    12
0.0951309    4
0.0875092    3
0.0810411    7
0.078665    7
0.0787601    5
0.0785429    12
0.0915999    7
0.080755    8
0.114693    8
0.078769    6
0.0784149    9
0.0882211    10
0.0900722    6
0.111463    4
0.0785079    9
0.0933712    8
0.0965698    4
0.0872929    9
0.092448    7
0.088855    8
0.193847    7
0.0793841    6
0.0935941    8
0.0910311    7
0.078743    10
0.09956    4
0.0927241    6
0.0973668    9
0.08552    9
0.0789671    9
0.078675    7
0.077903    8
0.0994389    5
0.08198    6
0.106827    11
0.106404    7
0.104012    14
0.110723    6
0.0845089    5
0.0787439    7
0.081284    5
0.079555    10
0.118801    6
0.090132    5
0.104779    2
0.0787549    6
0.0828099    6
0.0856528    8
0.0801749    7
0.111023    9
0.08781    7
0.095175    6
0.0896769    4
0.0891368    7
0.0851748    9
0.167945    5
0.0797219    11
0.0788591    7
0.106638    6
0.0938489    13
0.109544    5
0.078548    8
0.124984    6
0.083782    12
0.115116    4
0.0955639    13
0.111802    10
0.0987568    9
0.085922    9
0.10992    3
0.098232    3
0.106124    3
0.0890281    8
0.107016    9
0.079459    4
0.123486    10
0.0954168    9
0.0889311    7
0.114845    4
0.0772681    3
0.0787261    3
0.103021    6
0.0900519    6
0.0991638    9
0.104206    5
0.096837    8
0.108107    6
0.0787721    6
0.0792291    10
0.0789051    11
0.112806    7
0.09008    4
0.10725    8
0.078635    0
0.079216    12
0.094955    8
0.093132    6
0.106873    8
0.0893312    8
0.101404    8
0.0983109    8
0.0901449    11
0.10007    16
0.119504    7
0.084754    4
0.0820551    8
0.10239    10
0.095866    4
0.0980091    7
0.109104    13
0.105868    6
0.107979    4
0.099617    3
0.0813229    7
0.114714    3
0.0800161    7
0.081197    7
0.109317    3
0.0983851    6
0.09988    9
0.0793869    4
0.0819671    6
0.079    10
0.0877168    7
0.0987039    8
0.0977168    7
0.105795    9
0.0913999    2
0.0881681    3
0.172142    12
0.0851111    6
0.0788591    7
0.0861459    10
0.0936489    5
0.093147    6
0.0933762    4
0.129159    8
0.114998    7
0.102236    4
0.0789189    3
0.0856369    3
0.079361    4
0.079756    9
0.0931101    7
0.078728    6
0.0850859    4
0.0984321    7
0.0902021    4
0.0786171    7
0.086031    7
0.091208    3
0.10386    3
0.0920808    5
0.099972    7
0.112765    5
0.0962679    10
0.079576    8
0.086401    5
0.0792751    12
0.108093    4
0.100293    13
0.0984571    6
0.0789819    11
0.079308    8
0.180006    8
0.0952861    11
0.0982709    8
0.10376    8
0.107448    4
0.123212    7
0.100995    8
0.115422    9
0.107206    4
0.109348    8
0.100797    7
0.116247    9
0.128183    6
0.132242    8
0.0847449    12
0.103578    7
0.109226    11
0.062752    9
0.0448308    3
0.0909672    10
0.0871921    8
0.181164    9
0.0836079    5
0.080616    9
0.0888309    5
0.0804451    12
0.0799739    8
0.101064    3
0.0799799    7
0.117122    11
0.0907888    8
0.079098    7
0.099056    10
0.0941739    5
0.111353    8
0.079365    7
0.132239    5
0.0928118    4
0.07884    7
0.0883229    7
0.078423    6
0.0787349    5
0.094167    5
0.0874209    5
0.113229    9
0.083158    8
0.0812738    9
0.0894918    7
0.09004    6
0.100182    5
0.0793481    10
0.114934    10
0.0980251    3
0.084825    9
0.0791838    8
0.080411    7
0.08653    5
0.0796561    9
0.0783761    14
0.0900249    13
0.0902789    7
0.102662    9
0.0793149    7
0.078738    11
0.083425    9
0.0786431    6
0.114365    7
0.105193    8
0.10117    6
0.078517    5
0.078325    6
0.0856891    5
0.0811269    2
0.122859    8
0.100379    5
0.082212    8
0.07935    2
0.080543    16
0.080137    5
0.0924861    8
0.0849469    4
0.104962    8
0.102679    8
0.0968699    6
0.0995331    8
0.091152    6
0.093142    3
0.12118    12
0.10168    8
0.085393    10
0.100031    6
0.054656    11
0.0361059    10
0.035897    4
0.038697    9
0.091218    5
0.10056    7
0.0404999    3
0.178871    7
0.136172    6
0.10075    5
0.244003    7
0.0756409    6
0.103813    4
0.113414    7
0.142669    6
0.167522    6
0.143393    7
0.0578229    7
0.0646989    7
0.114985    10
0.0998321    4
0.104728    6
0.109163    6
0.101844    7
0.115775    6
0.0540621    5
0.105047    11
0.103978    10
0.243875    5
0.09218    8
0.0900159    12
0.0945191    13
0.108761    6
0.102203    4
0.0948091    2
0.096951    10
