Graph Name: CollegeMsg.txt
Motif Name: M-4-4.txt
Delta Value: 3200

TIME        NUMBER OF MOTIFS 
0.129708    122257
0.0804069    180
0.080786    182
0.083766    165
0.0891061    201
0.0804811    224
0.0794702    163
0.0824521    188
0.102202    123
0.1076    152
0.0725989    187
0.0908279    165
0.108459    185
0.0769222    152
0.103592    164
0.110518    142
0.0871358    126
0.0915928    140
0.115978    147
0.104951    132
0.108861    174
0.106155    142
0.0914149    147
0.0980561    126
0.10153    139
0.0842619    125
0.0958591    194
0.102206    144
0.112513    169
0.0923519    192
0.101912    178
0.079895    137
0.115227    153
0.111553    154
0.0916948    173
0.0893102    164
0.0822871    133
0.110699    156
0.078779    146
0.082408    145
0.0811288    158
0.0808902    148
0.108857    193
0.0975561    165
0.100604    118
0.113072    142
0.103647    165
0.107585    166
0.0786951    158
0.100288    175
0.123235    168
0.092968    122
0.093451    133
0.107275    145
0.107169    166
0.081485    145
0.0965331    183
0.100166    145
0.0573881    148
0.0791421    155
0.081959    180
0.0966341    147
0.083416    133
0.107483    136
0.0624909    151
0.0790761    147
0.090503    126
0.107175    114
0.114811    179
0.07832    151
0.0791101    139
0.119242    154
0.089484    179
0.108896    118
0.0827742    177
0.079834    152
0.093684    132
0.120607    138
0.144086    145
0.0804591    157
0.107451    203
0.102914    181
0.093096    143
0.093986    161
0.0914059    140
0.0707691    119
0.0813668    173
0.0903771    142
0.0864429    144
0.0955961    125
0.101118    156
0.0991838    200
0.0959871    164
0.0817931    198
0.079143    166
0.0798728    158
0.092381    152
0.0961189    172
0.102825    147
0.081954    178
0.076714    152
0.088079    183
0.0798781    141
0.0813529    153
0.080193    135
0.0790629    158
0.133027    155
0.0787251    148
0.0794039    138
0.078934    148
0.0812912    133
0.095371    156
0.079109    216
0.0956719    148
0.0706758    154
0.0642929    132
0.0929379    182
0.0936501    148
0.100937    143
0.0802851    137
0.0922549    150
0.062979    170
0.078475    186
0.103421    139
0.113994    147
0.0951819    181
0.0993931    144
0.104278    139
0.0698838    166
0.0794599    138
0.0815859    187
0.0936389    143
0.0808611    169
0.084681    151
0.0864451    140
0.0796919    147
0.0697379    163
0.112984    111
0.10523    155
0.080941    148
0.0948808    118
0.104139    159
0.100941    138
0.0784609    162
0.105039    161
0.105832    160
0.091778    156
0.079695    165
0.0954981    169
0.0801461    168
0.070066    165
0.0712171    164
0.0796039    189
0.0971789    169
0.079808    167
0.07985    182
0.0894079    131
0.098099    125
0.0956671    124
0.086648    139
0.0812891    173
0.0994351    146
0.100371    146
0.109909    143
0.079565    143
0.0818071    178
0.0602269    144
0.0793331    161
0.082454    153
0.100072    137
0.08393    163
0.093673    173
0.0765979    145
0.080029    186
0.101913    191
0.119736    139
0.116063    153
0.080632    156
0.080194    127
0.119496    155
0.0968118    161
0.093282    154
0.0813012    161
0.080519    131
0.0987079    139
0.0892332    158
0.0716479    167
0.081486    150
0.0795329    172
0.080323    151
0.0796568    168
0.0797758    156
0.088279    209
0.0795569    171
0.067657    123
0.070544    149
0.088805    142
0.0814669    137
0.0798709    162
0.090709    156
0.101619    166
0.0837269    176
0.0799301    168
0.07951    157
0.0881319    162
0.0792379    173
0.091691    146
0.082288    128
0.0787458    158
0.100498    158
0.0788219    151
0.080714    134
0.07885    172
0.0892601    126
0.0997138    158
0.101011    142
0.0789459    185
0.0611372    160
0.0906861    164
0.101567    179
0.101544    143
0.0929492    168
0.0794809    109
0.09828    186
0.075496    155
0.0997691    152
0.0802591    186
0.0992661    188
0.096621    175
0.0818651    153
0.093101    166
0.086128    160
0.0798421    150
0.0993352    158
0.110762    177
0.095953    163
0.0796809    179
0.0943789    152
0.0986929    157
0.100347    145
0.104935    187
0.079067    159
0.0803142    176
0.095118    126
0.084928    168
0.079288    167
0.0728509    167
0.099072    168
0.0814061    157
0.081192    201
0.078949    156
0.090328    180
0.0958951    193
0.079772    164
0.0791171    158
0.079627    139
0.0942721    173
0.095664    134
0.0852439    160
0.0886528    148
0.0795391    149
0.0769949    166
0.10653    169
0.0928419    168
0.0837479    143
0.0817699    145
0.109084    147
0.0924358    180
0.106913    135
0.0810819    143
0.0797112    174
0.0986431    151
0.106112    144
0.11418    173
0.0799379    158
0.0709529    143
0.097322    118
0.103416    149
0.094295    153
0.0782061    132
0.074779    192
0.092618    169
0.074703    144
0.0942519    167
0.079051    159
0.0984161    165
0.0961261    150
0.0965011    181
0.10031    177
0.149247    136
0.0792089    142
0.080466    167
0.078758    154
0.0833731    167
0.0874078    178
0.084523    175
0.087044    124
0.0884042    151
0.079957    171
0.0900171    130
0.078903    123
0.0796268    151
0.104139    147
0.0920391    155
0.0939538    162
0.066715    139
0.0797961    164
0.104332    163
0.10693    184
0.111581    162
0.0801139    139
0.0795012    163
0.083868    154
0.0853848    169
0.10294    163
0.079644    157
0.105863    159
0.101913    165
0.0929739    142
0.0688431    146
0.0833519    169
0.0791478    175
0.095392    180
0.07901    160
0.0809138    148
0.081367    133
0.0802279    135
0.070312    188
0.0946829    156
0.0854869    149
0.0790191    163
0.0994799    194
0.0866311    165
0.090095    180
0.077116    145
0.0892608    176
0.0891111    139
0.0983381    148
0.103234    114
0.095458    128
0.100998    182
0.093874    167
0.0943561    155
0.0792432    142
0.0952699    168
0.101388    151
0.111162    142
0.079493    179
0.110381    174
0.0831659    145
0.0957658    144
0.079684    135
0.104585    168
0.0827491    180
0.0918939    178
0.0746591    179
0.090905    142
0.0788901    154
0.0944669    164
0.094908    194
0.095427    147
0.0800998    165
0.07986    169
0.0696659    143
0.0802851    153
0.080019    130
0.0779209    152
0.080184    148
0.0912929    173
0.084723    177
0.071034    157
0.0811939    134
0.0937898    173
0.100939    146
0.099242    158
0.085984    164
0.0913529    177
0.0852389    166
0.123683    147
0.07848    153
0.0972159    133
0.106924    129
0.099009    175
0.0896361    174
0.0954909    160
0.067461    125
0.079489    154
0.101501    183
0.101083    141
0.0975292    173
0.079345    150
0.0697641    126
0.102824    174
0.0900111    187
0.08003    173
0.100539    131
0.099895    182
0.0828261    168
0.063926    218
0.0883241    158
0.0788741    150
0.084651    169
0.0920122    144
0.0848911    151
0.0955331    198
0.11363    170
0.0905781    149
0.107805    172
0.0929379    158
0.094569    195
0.079222    140
0.0823801    159
0.0906289    142
0.0934291    139
0.095715    134
0.079423    150
0.0798569    166
0.090425    183
0.0947559    161
0.107421    171
0.0846641    169
0.055109    174
0.10036    144
0.0787308    171
0.101019    161
0.079869    156
0.078963    177
0.10345    142
0.0796449    152
0.073966    160
0.0963001    128
0.0982339    176
0.0962539    150
0.105765    150
0.102066    163
0.106447    179
0.0813951    159
0.115114    170
0.111273    143
0.0958529    160
0.111453    191
0.07481    137
0.101753    140
0.108179    160
0.084811    159
0.113462    191
0.0862479    146
0.0801299    152
0.10429    174
0.112088    165
0.103942    138
0.079973    167
0.080204    145
0.105671    177
0.080199    126
0.0788291    142
0.0568829    178
0.0967231    142
0.107496    150
0.0798962    161
0.0837212    137
0.080426    190
0.063498    178
0.0826981    126
0.0791609    156
0.0901392    185
0.086648    178
0.0975189    162
0.101924    170
0.162166    151
0.0849998    137
0.101618    148
0.095331    160
0.105672    167
0.081219    132
0.082144    164
0.0917881    145
0.079093    142
0.085331    183
0.0964789    193
0.106857    177
0.099015    160
0.121932    197
0.0848329    172
0.124086    201
0.0809441    137
0.0798829    149
0.0797241    167
0.09549    186
0.079777    165
0.078856    134
0.15977    140
0.0919292    156
0.0998812    150
0.080092    189
0.0808411    139
0.0991051    148
0.102659    132
0.116142    138
0.0808609    177
0.11069    158
