Graph Name: CollegeMsg.txt
Motif Name: M-6-5.txt
Delta Value: 3200

TIME        NUMBER OF MOTIFS 
0.124493    117127
0.110641    156
0.079128    137
0.072639    128
0.0812969    173
0.0820379    171
0.0858901    197
0.079087    171
0.0803771    177
0.090307    165
0.086519    125
0.108583    139
0.0852292    153
0.079845    192
0.0989001    138
0.0872178    164
0.0794349    143
0.0962231    153
0.100636    169
0.0896392    178
0.090229    160
0.0856168    141
0.0793109    162
0.0810971    148
0.0821862    209
0.079886    201
0.0661261    148
0.09727    137
0.109119    157
0.103981    159
0.0811942    174
0.080653    180
0.0957539    218
0.0763969    154
0.0819368    163
0.0792141    172
0.0790322    200
0.102529    188
0.0865531    158
0.105435    125
0.0705559    168
0.080543    181
0.0963161    157
0.097286    169
0.099524    177
0.0801101    183
0.103754    183
0.118345    146
0.104271    158
0.080483    210
0.102484    146
0.095798    174
0.109606    168
0.0845931    145
0.10498    153
0.0798061    164
0.06932    170
0.0798662    192
0.0841191    175
0.093673    187
0.089886    176
0.111044    180
0.0759461    173
0.0952921    171
0.109511    181
0.101201    156
0.0812352    175
0.0922709    135
0.0915911    168
0.081852    139
0.0794711    166
0.09672    166
0.0798349    185
0.079726    160
0.082047    178
0.0798349    209
0.0798299    150
0.125178    138
0.0796921    159
0.0783591    177
0.0801589    165
0.0809839    158
0.0795991    172
0.0800979    154
0.0858679    182
0.0792351    187
0.0742528    167
0.0835931    207
0.0792539    156
0.0827451    150
0.079463    174
0.0805871    146
0.0793049    152
0.084924    172
0.092932    174
0.0793359    166
0.0892711    185
0.08003    136
0.083436    167
0.0864279    125
0.0792949    162
0.080231    143
0.0796351    213
0.0799661    170
0.0879889    146
0.0802429    161
0.0865149    168
0.095536    153
0.10174    186
0.10586    158
0.0673909    179
0.0594859    205
0.0992138    170
0.0952551    140
0.107641    155
0.079097    158
0.0801959    198
0.0960741    158
0.0794718    155
0.092663    211
0.105357    173
0.112139    201
0.0813382    159
0.0992391    221
0.0928378    175
0.0819559    146
0.111881    146
0.0791879    174
0.0943441    176
0.104631    153
0.0943539    170
0.110758    170
0.090713    215
0.110902    154
0.105507    198
0.101531    176
0.0998559    163
0.0796909    133
0.0936172    145
0.094219    169
0.111604    162
0.0815952    179
0.102431    153
0.107539    142
0.111828    158
0.0960279    177
0.107195    146
0.084492    168
0.0796771    150
0.10287    169
0.101028    138
0.0946181    220
0.067219    166
0.079546    223
0.084409    160
0.079349    137
0.0799489    157
0.0877869    173
0.0805399    153
0.0803511    150
0.0802829    175
0.081023    154
0.087745    168
0.0797589    160
0.0815141    176
0.0899689    202
0.0985639    132
0.0880899    124
0.0856142    144
0.0890429    144
0.104184    124
0.0799801    185
0.0817971    135
0.0795701    172
0.0792379    168
0.0928721    185
0.0915902    156
0.100482    192
0.081713    171
0.0798359    180
0.102712    170
0.0957201    134
0.128745    172
0.103588    191
0.0973361    190
0.109565    179
0.0795259    165
0.0881982    169
0.109929    163
0.0814199    137
0.060307    135
0.0907178    155
0.112441    185
0.0822921    140
0.0978711    183
0.0976841    178
0.0864551    134
0.100961    159
0.106888    176
0.10459    170
0.0806398    149
0.0889652    177
0.0804281    211
0.0686061    163
0.0801849    170
0.0800631    187
0.092036    198
0.080169    192
0.082288    170
0.110198    195
0.0890379    151
0.082237    204
0.103188    163
0.112922    199
0.0943279    180
0.0966201    170
0.095983    199
0.089864    197
0.0825291    141
0.0792329    183
0.0967982    146
0.089956    146
0.0914071    156
0.0798211    162
0.144132    171
0.100844    162
0.108956    169
0.104562    158
0.101375    169
0.0946221    164
0.108932    159
0.068382    182
0.0760601    178
0.0797088    190
0.085902    165
0.0799601    198
0.0818782    165
0.0799601    142
0.0811849    176
0.08494    174
0.0819681    161
0.0818701    175
0.079221    158
0.09498    158
0.1123    192
0.112233    146
0.12032    154
0.0941279    151
0.115291    173
0.087976    138
0.0795009    196
0.0796969    154
0.0857689    182
0.0800011    159
0.112998    215
0.094579    181
0.112898    158
0.104462    146
0.052525    161
0.053231    154
0.0484581    196
0.0615442    155
0.0892229    136
0.0825601    169
0.100994    163
0.108998    196
0.108997    163
0.104555    183
0.091234    169
0.0824358    199
0.109465    199
0.0876038    174
0.0964968    153
0.111036    153
0.10117    191
0.095063    188
0.122022    178
0.112171    148
0.0966852    160
0.0790529    180
0.0795641    184
0.0951521    202
0.0954521    208
0.103682    142
0.0960579    176
0.102613    190
0.11294    164
0.0793371    159
0.079653    147
0.080086    138
0.0798059    188
0.0763299    139
0.0794561    150
0.089159    173
0.086015    195
0.079695    183
0.0991931    182
0.080945    166
0.0793769    139
0.091475    148
0.103516    161
0.101073    202
0.0806549    166
0.0988688    185
0.080924    186
0.0806639    181
0.0799701    209
0.0811789    160
0.0866311    163
0.080493    206
0.082339    194
0.079901    207
0.0798812    154
0.0789499    200
0.0801821    174
0.071619    164
0.0883369    172
0.102683    159
0.122484    156
0.0987501    190
0.102089    175
0.091819    165
0.10413    164
0.0723579    149
0.084765    160
0.0797639    191
0.084187    147
0.0974679    194
0.100692    123
0.099911    171
0.0801301    203
0.080914    177
0.0827582    155
0.080776    169
0.0816429    170
0.0748601    135
0.0790861    148
0.142966    168
0.0803969    177
0.0831521    185
0.0795691    157
0.0799451    161
0.0815091    179
0.096534    161
0.101997    153
0.088984    171
0.069139    160
0.0788651    130
0.100347    145
0.111945    202
0.0975311    136
0.0795391    150
0.0663018    165
0.079957    156
0.0808549    171
0.0821099    164
0.0808899    170
0.0845208    205
0.086942    182
0.0790501    146
0.112856    164
0.090982    196
0.105459    175
0.103397    136
0.0793931    149
0.079735    195
0.0901968    149
0.080389    198
0.0937939    172
0.074338    185
0.079138    166
0.0881009    200
0.0798841    209
0.081461    182
0.0951209    174
0.0979569    133
0.0893409    153
0.0594571    126
0.079535    153
0.0899339    193
0.079447    162
0.081027    157
0.081687    188
0.080034    210
0.0634191    175
0.0794411    162
0.081964    180
0.0940979    160
0.0845671    160
0.0995979    163
0.084034    210
0.079659    172
0.105107    182
0.113668    169
0.121675    175
0.0847321    172
0.0813801    174
0.099334    147
0.110569    134
0.0946789    154
0.081882    150
0.0800319    177
0.0992501    137
0.107489    197
0.112646    162
0.0990379    172
0.079639    177
0.100415    141
0.100942    153
0.0971379    203
0.0832939    160
0.086365    173
0.079653    179
0.075707    155
0.0835721    163
0.0789709    177
0.097327    175
0.111645    160
0.106956    160
0.0801311    141
0.0689812    158
0.0870111    174
0.107928    179
0.0906901    159
0.0805509    164
0.0859349    172
0.096416    213
0.0641301    172
0.0802701    143
0.080409    140
0.049763    171
0.109903    198
0.0945921    148
0.108926    180
0.115541    184
0.0790062    169
0.082794    151
0.0798662    171
0.0804141    134
0.079186    183
0.08078    185
0.0828829    199
0.081809    182
0.070699    202
0.0800271    163
0.080204    196
0.0929601    189
0.0790801    180
0.0823691    155
0.085016    166
0.0801032    158
0.064749    155
0.100768    197
0.0946751    156
0.102224    177
0.081861    178
0.081754    192
0.0990052    176
0.075186    177
0.112109    143
0.080276    208
0.0821269    134
0.101723    232
0.080466    184
0.082582    160
0.079335    162
0.0737622    193
0.112841    147
0.11361    162
0.079385    145
0.0796881    157
0.106944    179
0.0805821    192
0.0695801    179
0.09252    114
0.0939589    150
0.0968859    148
0.0860479    157
0.0806692    176
0.0910289    167
0.0988309    164
0.084383    180
0.0816498    177
0.0823109    222
0.0973771    171
0.0903261    150
0.102232    190
0.0706909    202
0.0822718    149
0.0996718    118
0.0839112    195
0.0802    142
0.081583    164
0.0965168    187
0.0808289    153
0.0657799    166
0.094341    175
0.0900538    153
0.099174    134
0.0800471    194
0.0807052    174
